#x_axis	Th_all
1	2.2955521909968567e-10
2	2.54676094555653e-10
3	1.5936273959265743e-10
4	8.294503417562259e-11
5	5.0564169772492504e-11
6	2.6508396826831945e-10
7	2.966877378172997e-10
8	1.7623367178187e-10
9	8.668403650033611e-11
10	6.167337587888861e-11
11	2.3052363164183025e-10
12	2.6574488207644634e-10
13	1.5165891411117041e-10
14	6.730081978425612e-11
15	5.410730839567398e-11
16	2.0894969744594314e-10
17	2.470847467655806e-10
18	1.356234038883124e-10
19	5.376178905183024e-11
20	4.9089899129917893e-11
21	2.0554183648664865e-10
22	2.4439637919337215e-10
23	1.3235335175974695e-10
24	5.002541899074838e-11
25	4.751256690298733e-11
26	9.659692008812645e-10
27	9.79316934646972e-10
28	6.086588906490884e-10
29	3.9246342901650266e-10
30	2.6391678016043823e-10
31	1.1424589783338513e-09
32	1.1512100372297833e-09
33	7.183517599346535e-10
34	4.757905638077689e-10
35	3.221083853855333e-10
36	1.2770332473942244e-09
37	1.2837324637370478e-09
38	8.024303270685313e-10
39	5.450394461153361e-10
40	3.7569685532881676e-10
41	1.3144281326341454e-09
42	1.3208855642060358e-09
43	8.257080844830888e-10
44	5.650876885640818e-10
45	3.922978396575088e-10
46	1.8913854367185675e-09
47	1.8683099438336884e-09
48	1.2070077533389984e-09
49	8.052950479516887e-10
50	4.852850159620267e-10
51	2.503802192406292e-09
52	2.4566429149822464e-09
53	1.6089959928727336e-09
54	1.0815805990677436e-09
55	6.265307779464997e-10
56	2.680042275040945e-09
57	2.6276793082650745e-09
58	1.7289124736116896e-09
59	1.1690897368655077e-09
60	6.735320912774349e-10
61	3.945517491893826e-09
62	3.823261320258118e-09
63	2.525712742108101e-09
64	1.6375200124026201e-09
65	8.499709713744999e-10
66	4.482305353337903e-09
67	4.332074837259752e-09
68	2.8677808471459366e-09
69	1.840987602267155e-09
70	9.26183999382694e-10
71	5.447963542405476e-09
72	5.231256915133408e-09
73	3.4411453757947932e-09
74	2.13291657545965e-09
75	1.0117266825381577e-09
