#x_axis	Th_all
1	8.924085251859654e-11
2	9.667985325707689e-11
3	6.215199380941045e-11
4	3.6665896995223165e-11
5	2.396561916253353e-11
6	1.0558422266203504e-10
7	1.1413862201036279e-10
8	7.112295814185784e-11
9	4.365976012311386e-11
10	3.2427703036783426e-11
11	9.366894902792738e-11
12	1.0245063669812615e-10
13	6.164074348323386e-11
14	3.79420156159596e-11
15	3.139003120519055e-11
16	8.700208200829284e-11
17	9.594373159909178e-11
18	5.5816741163777936e-11
19	3.4303126482814966e-11
20	3.103868476764525e-11
21	8.654878202869605e-11
22	9.53944576728591e-11
23	5.47015815521066e-11
24	3.325999504597947e-11
25	3.089030788370088e-11
26	3.8943771003998595e-10
27	4.0070585791292805e-10
28	2.7383379089060086e-10
29	1.871334898557159e-10
30	1.1388199376277067e-10
31	4.665925596944412e-10
32	4.790633709441034e-10
33	3.309795110920764e-10
34	2.2958844245026137e-10
35	1.3805900516997887e-10
36	5.264007526252835e-10
37	5.405813508700171e-10
38	3.771610636026194e-10
39	2.667006350287585e-10
40	1.6074631880757348e-10
41	5.435217565116283e-10
42	5.582867672336946e-10
43	3.9055322019212147e-10
44	2.778943872944449e-10
45	1.6789115248090613e-10
46	7.825367979039097e-10
47	7.946700986727628e-10
48	5.552567137864116e-10
49	3.6634585788673003e-10
50	1.9518295016361638e-10
51	1.046779968715342e-09
52	1.059588264591021e-09
53	7.450275888399496e-10
54	4.843919029446911e-10
55	2.4595726453932126e-10
56	1.1257977900215312e-09
57	1.1398428732705123e-09
58	8.044596961566284e-10
59	5.232644650495398e-10
60	2.6334338375294734e-10
61	1.663250158002581e-09
62	1.664709966739332e-09
63	1.1532279731793241e-09
64	6.999240382008932e-10
65	3.170432599619238e-10
66	1.900489523985649e-09
67	1.8969330739887723e-09
68	1.3081935607773287e-09
69	7.782753365161163e-10
70	3.401895943015223e-10
71	2.3221192369662934e-09
72	2.2974531202317355e-09
73	1.5522356080801348e-09
74	8.779923258211375e-10
75	3.5998408972030356e-10
