#x_axis	Th_all
1	1.2277267682117407e-10
2	1.3168675940457526e-10
3	8.323142560144138e-11
4	4.807773896597579e-11
5	3.097200070671467e-11
6	1.4139471291632294e-10
7	1.5290959291146671e-10
8	9.449653277133368e-11
9	5.706400566248178e-11
10	4.2190102237961864e-11
11	1.2265110220461818e-10
12	1.35953926540608e-10
13	8.217744695854031e-11
14	5.0290547354995185e-11
15	4.1660011403435076e-11
16	1.1086113342776594e-10
17	1.2549122413694095e-10
18	7.416265399618634e-11
19	4.586979130931931e-11
20	4.180470375067533e-11
21	1.0885330553653243e-10
22	1.2363660167610954e-10
23	7.221850529896105e-11
24	4.4488270203626544e-11
25	4.1786628336913924e-11
26	5.194765662575947e-10
27	5.233892742111533e-10
28	3.4459753262573135e-10
29	2.287130712330551e-10
30	1.3688851684634934e-10
31	6.153267980818729e-10
32	6.186026380112405e-10
33	4.1137556559731226e-10
34	2.776193405851313e-10
35	1.6428781974042443e-10
36	6.891361490168609e-10
37	6.9390198770979e-10
38	4.664647435893406e-10
39	3.21562730514125e-10
40	1.906499725004534e-10
41	7.0975471361483e-10
42	7.153069422997043e-10
43	4.824456981909088e-10
44	3.349513631334536e-10
45	1.9905517035117524e-10
46	1.015951580752504e-09
47	9.981234473971142e-10
48	6.624081989763328e-10
49	4.217397514999207e-10
50	2.183534465109362e-10
51	1.3442502399522752e-09
52	1.3114102524580507e-09
53	8.72529860566552e-10
54	5.462497159325644e-10
55	2.674380496743974e-10
56	1.4394441753759985e-09
57	1.404204752425042e-09
58	9.377003126913547e-10
59	5.875352237847921e-10
60	2.8453334604550016e-10
61	2.1071527858205698e-09
62	2.0143654193991275e-09
63	1.3086903675501342e-09
64	7.5821607544832e-10
65	3.2662352935222965e-10
66	2.39077856891886e-09
67	2.2751086310329533e-09
68	1.4694018732601586e-09
69	8.334113054227667e-10
70	3.4511714306888445e-10
71	2.8931754747546755e-09
72	2.717810664806245e-09
73	1.712329429136875e-09
74	9.183434636979505e-10
75	3.5419036090297036e-10
