#x_axis	Th_all
1	5.7080393365958076e-12
2	7.237928272186552e-12
3	6.0961923958026055e-12
4	4.523935458424245e-12
5	2.990693468640215e-12
6	7.478473675647513e-12
7	9.286126271058654e-12
8	7.798671174728283e-12
9	6.026457054730553e-12
10	4.122470588966991e-12
11	7.304985014284784e-12
12	8.924953255604586e-12
13	7.357174871558841e-12
14	5.741199222068417e-12
15	4.026823257776294e-12
16	7.898237858063525e-12
17	9.653193688612455e-12
18	7.890435592385651e-12
19	6.067907503844984e-12
20	4.210869377743271e-12
21	8.716075887252586e-12
22	1.0736818427858658e-11
23	8.729371712825134e-12
24	6.510766696318873e-12
25	4.384193807606069e-12
26	3.344494940646658e-11
27	4.489733900084205e-11
28	4.187532310660043e-11
29	3.20894154086817e-11
30	1.961564815118444e-11
31	4.34599066457096e-11
32	5.882070299340678e-11
33	5.535411163676479e-11
34	4.2330938535311416e-11
35	2.5608161367710476e-11
36	5.14298821610535e-11
37	6.983264476879594e-11
38	6.611827903547378e-11
39	5.070638314287918e-11
40	3.060935748281258e-11
41	5.414440930938474e-11
42	7.355381922409387e-11
43	6.967036213395847e-11
44	5.3395542307061085e-11
45	3.218305313538376e-11
46	8.562858165816593e-11
47	1.1889351304303523e-10
48	1.1226035780112702e-10
49	8.250810315041439e-11
50	4.751497206845682e-11
51	1.2516938842201005e-10
52	1.7525648982891591e-10
53	1.6554639701965122e-10
54	1.2002917602516497e-10
55	6.799340838950439e-11
56	1.3917966154057143e-10
57	1.9525537765760804e-10
58	1.8445941658077628e-10
59	1.3335736940428894e-10
60	7.532981582105285e-11
61	2.2516486210177207e-10
62	3.175976161899706e-10
63	2.959183146236354e-10
64	2.0650552667595812e-10
65	1.118730384851821e-10
66	2.7215854739363865e-10
67	3.841944411500737e-10
68	3.556438204900319e-10
69	2.4462001109078645e-10
70	1.301280380886389e-10
71	3.6122045541134066e-10
72	5.084710627012506e-10
73	4.6201508350580994e-10
74	3.073127566013539e-10
75	1.5682920172806888e-10
