#x_axis	Th_all
1	8.171591763384305e-13
2	1.410390243893874e-12
3	1.5343758479379122e-12
4	1.2214780894236146e-12
5	7.667527786204947e-13
6	8.723774967589584e-13
7	1.5518032957536514e-12
8	1.7676965906980312e-12
9	1.4794181915366967e-12
10	9.71242239829971e-13
11	6.376111086812506e-13
12	1.175154458682313e-12
13	1.413500740822938e-12
14	1.2511081354549097e-12
15	8.610994275747683e-13
16	5.673748405913863e-13
17	1.0533843704575037e-12
18	1.2887309051625328e-12
19	1.1625623003736332e-12
20	8.123682861973046e-13
21	6.520131886154768e-13
22	1.165287648725775e-12
23	1.3654436764031978e-12
24	1.1919317041796052e-12
25	8.184128283977217e-13
26	6.111270759467212e-12
27	1.0430042292039501e-11
28	1.1000077966943463e-11
29	8.37018807500891e-12
30	4.985344886479729e-12
31	7.883774071822565e-12
32	1.3455666177471203e-11
33	1.4169140801052025e-11
34	1.0746798444948356e-11
35	6.370199651694732e-12
36	9.148818767384624e-12
37	1.5687134512831807e-11
38	1.6608916718057084e-11
39	1.2662714348319455e-11
40	7.53896749605424e-12
41	9.539212033276501e-12
42	1.6371249785477373e-11
43	1.7353869824005258e-11
44	1.324937361096245e-11
45	7.902773124908316e-12
46	1.6886837802062694e-11
47	2.8023360269379553e-11
48	2.8277011878487096e-11
49	2.0392286272742313e-11
50	1.1507198967437227e-11
51	2.4887981270242506e-11
52	4.0981299616108506e-11
53	4.084236798190171e-11
54	2.899676760965546e-11
55	1.6092767777703244e-11
56	2.7495244523751535e-11
57	4.5236042415755264e-11
58	4.501544541252459e-11
59	3.1899119893141904e-11
60	1.767097849305073e-11
61	4.59165873425945e-11
62	7.383665827248813e-11
63	7.094268136913627e-11
64	4.8000342209962795e-11
65	2.511694264833395e-11
66	5.5181555098857444e-11
67	8.812224120908559e-11
68	8.373996027513629e-11
69	5.579396792927934e-11
70	2.8601534341708117e-11
71	7.304639977818792e-11
72	1.1474459899859314e-10
73	1.063428012543081e-10
74	6.858521822593271e-11
75	3.390619579765099e-11
