#x_axis	Th_all
1	3.9804053369605754e-11
2	4.537982044496005e-11
3	3.3440434375212636e-11
4	2.240446562085231e-11
5	1.3913274387314455e-11
6	4.447438432683671e-11
7	5.083173334669424e-11
8	3.8091122355310866e-11
9	2.7917332816679946e-11
10	1.8841002545189268e-11
11	3.681366853190231e-11
12	4.240520220685953e-11
13	3.206400908744864e-11
14	2.553021771850843e-11
15	1.8791698704300553e-11
16	3.1833302528588504e-11
17	3.690110282408811e-11
18	2.8085987715842083e-11
19	2.4101589075424738e-11
20	1.900173445304061e-11
21	3.0930397994064404e-11
22	3.5786234205683885e-11
23	2.707667808173807e-11
24	2.365767158382279e-11
25	1.9057742055070727e-11
26	1.8000579136134378e-10
27	2.0412994752084448e-10
28	1.5868853874005204e-10
29	1.0633494895647152e-10
30	5.634716906451144e-11
31	2.1419926378457643e-10
32	2.436068565916838e-10
33	1.9129518385788956e-10
34	1.286302783854112e-10
35	6.702651636708566e-11
36	2.3986520543217376e-10
37	2.742234708031015e-10
38	2.1844720712901296e-10
39	1.4887427642122253e-10
40	7.72615665655783e-11
41	2.468950593409251e-10
42	2.82775699036943e-10
43	2.2635443902303805e-10
44	1.5508912708352435e-10
45	8.052062082378082e-11
46	3.657094305627319e-10
47	4.099744430714302e-10
48	3.105966457144262e-10
49	1.9001163161623786e-10
50	8.871591522282239e-11
51	4.894038054631746e-10
52	5.468874465542052e-10
53	4.1072572417008247e-10
54	2.433575125271992e-10
55	1.0836849581265497e-10
56	5.250311658595088e-10
57	5.873051603945807e-10
58	4.418701207514251e-10
59	2.610482710251227e-10
60	1.1517689313810834e-10
61	7.830228132743427e-10
62	8.591217807563538e-10
63	6.157127847472529e-10
64	3.3169085840672976e-10
65	1.3308253152380914e-10
66	8.926518759773901e-10
67	9.75346205041126e-10
68	6.910112808393013e-10
69	3.627556413024691e-10
70	1.4092832114053228e-10
71	1.0894739123018993e-09
72	1.1742407324728225e-09
73	8.039605965328465e-10
74	3.973987979142364e-10
75	1.4583075343043001e-10
