#x_axis	Th_all
1	6.185433852203241e-11
2	7.071457651336807e-11
3	5.0698830154345834e-11
4	3.2824767175156104e-11
5	2.067565007844288e-11
6	6.792368276068516e-11
7	7.773121837674285e-11
8	5.560542234852837e-11
9	3.8984009590579174e-11
10	2.7430007086231414e-11
11	5.5319241196547934e-11
12	6.391902917505689e-11
13	4.525845723133558e-11
14	3.4088388874497317e-11
15	2.6783543789312226e-11
16	4.6839663864450136e-11
17	5.4618105241034885e-11
18	3.816833756375768e-11
19	3.087349020234887e-11
20	2.665397825441158e-11
21	4.5096189042529066e-11
22	5.258025480942044e-11
23	3.631872087115694e-11
24	2.9898519919956434e-11
25	2.6606952313921156e-11
26	2.7413014813549396e-10
27	3.0828633481086147e-10
28	2.3438277605380166e-10
29	1.5880648873259122e-10
30	8.809626526278855e-11
31	3.239338042908085e-10
32	3.650090941578858e-10
33	2.8062606553746586e-10
34	1.9188805031645665e-10
35	1.0514137379823676e-10
36	3.607915610342147e-10
37	4.0825614941092613e-10
38	3.183784024792364e-10
39	2.2156876548429475e-10
40	1.2142221105895507e-10
41	3.7067682324409856e-10
42	4.200907759588736e-10
43	3.291641254814274e-10
44	2.3058140888720808e-10
45	1.2658265791402252e-10
46	5.513717172534889e-10
47	6.13812614576479e-10
48	4.615008970045036e-10
49	2.9059021913866885e-10
50	1.4209620635421608e-10
51	7.347687610942424e-10
52	8.159828240240894e-10
53	6.113398533376388e-10
54	3.753375092428543e-10
55	1.7520953934097523e-10
56	7.864780871066038e-10
57	8.74387987182834e-10
58	6.570492151013785e-10
59	4.0305373629319024e-10
60	1.8654657031590699e-10
61	1.173652453310399e-09
62	1.2835338557571103e-09
63	9.265886745812012e-10
64	5.219869688924326e-10
65	2.1925596315870456e-10
66	1.3348228971450958e-09
67	1.4551034230284505e-09
68	1.0415142682051418e-09
69	5.738247836570784e-10
70	2.33588312074042e-10
71	1.6265035539207855e-09
72	1.7528136170739037e-09
73	1.2187666542194782e-09
74	6.358836790367938e-10
75	2.4491849994944583e-10
