#x_axis	Th_all
1	7.552335130925973e-11
2	8.171147918375581e-11
3	5.393065191212775e-11
4	3.325573536942583e-11
5	2.1528436858219338e-11
6	8.763478191705634e-11
7	9.497929455356476e-11
8	6.187168582190463e-11
9	4.078173661087235e-11
10	2.9583431477130004e-11
11	7.623068003197766e-11
12	8.374823462275128e-11
13	5.3463916346469874e-11
14	3.6656654825239866e-11
15	2.943503109058334e-11
16	6.932410413920058e-11
17	7.696508402133844e-11
18	4.810728592773757e-11
19	3.410080164846556e-11
20	2.9717129473197515e-11
21	6.838535148864492e-11
22	7.591138516744262e-11
23	4.6865350725417344e-11
24	3.33031915198144e-11
25	2.9767971643326845e-11
26	3.287500570712672e-10
27	3.4208487836013816e-10
28	2.405661211767061e-10
29	1.6287826176229298e-10
30	9.341555202347604e-11
31	3.920269415190292e-10
32	4.077853322073555e-10
33	2.900072058965301e-10
34	1.984524699258386e-10
35	1.120293729231193e-10
36	4.4077177279162444e-10
37	4.5955634348213595e-10
38	3.3087943494045113e-10
39	2.3040171755262492e-10
40	1.298036574324105e-10
41	4.545193770537099e-10
42	4.743365067478499e-10
43	3.4280721779660933e-10
44	2.4016395609912737e-10
45	1.3545527303696122e-10
46	6.558142611178582e-10
47	6.717294136814581e-10
48	4.731490754391665e-10
49	3.0059658161582065e-10
50	1.4936250000380235e-10
51	8.740238709263312e-10
52	8.913580570218878e-10
53	6.276165948883807e-10
54	3.892537863757569e-10
55	1.8316618929834418e-10
56	9.382398822374724e-10
57	9.572166669904657e-10
58	6.759728247821167e-10
59	4.186893823077632e-10
60	1.948776723569392e-10
61	1.382819931273347e-09
62	1.3872206777320147e-09
63	9.478405334377208e-10
64	5.399180566420277e-10
65	2.253799526986381e-10
66	1.575228925795088e-09
67	1.5741122561287006e-09
68	1.067058701786765e-09
69	5.934652225530162e-10
70	2.38644210994457e-10
71	1.9164651186683284e-09
72	1.892269290915787e-09
73	1.2473938440997616e-09
74	6.543912722425491e-10
75	2.461289856765142e-10
