#x_axis	Th_all
1	4.727760620801177e-11
2	5.54638922201825e-11
3	4.186493551906493e-11
4	2.8131670741128e-11
5	1.7425805804502542e-11
6	5.027437581964342e-11
7	5.893006773069218e-11
8	4.4918647694850325e-11
9	3.308475481029706e-11
10	2.2668996030782156e-11
11	3.9212661959922716e-11
12	4.6154105741592824e-11
13	3.5328271631025425e-11
14	2.8707196208342812e-11
15	2.192834939916881e-11
16	3.1507732372306425e-11
17	3.725931699925887e-11
18	2.8592373834479145e-11
19	2.5796647261310385e-11
20	2.165811272101755e-11
21	2.977380455510873e-11
22	3.5143420461418805e-11
23	2.6775913917050196e-11
24	2.491863689084543e-11
25	2.157632090178888e-11
26	2.1240087343358695e-10
27	2.488892931231235e-10
28	1.983125526906041e-10
29	1.3454558740596311e-10
30	7.267156306547077e-11
31	2.499029914038248e-10
32	2.9382801558831014e-10
33	2.367801822212363e-10
34	1.6185188309194112e-10
35	8.646555655239516e-11
36	2.7697295352786093e-10
37	3.27455262514107e-10
38	2.6804920174981164e-10
39	1.8636537498592058e-10
40	9.96446547732032e-11
41	2.840075418460256e-10
42	3.364307623983296e-10
43	2.7689744451389727e-10
44	1.9378964849107259e-10
45	1.0381308600388375e-10
46	4.302029523352574e-10
47	5.003925331193603e-10
48	3.905873048743324e-10
49	2.4439047094477695e-10
50	1.176290701944071e-10
51	5.737472276537953e-10
52	6.663199465803323e-10
53	5.169828106013823e-10
54	3.149067506373601e-10
55	1.453673246215163e-10
56	6.133258768039995e-10
57	7.133807298066159e-10
58	5.550905112182349e-10
59	3.377990395910777e-10
60	1.5480855847587064e-10
61	9.222827852538845e-10
62	1.0546801442213127e-09
63	7.842114842224497e-10
64	4.3767176029789507e-10
65	1.832360681223747e-10
66	1.0485147051695014e-09
67	1.195402637759777e-09
68	8.8063172172922e-10
69	4.808999701984631e-10
70	1.9569629131139299e-10
71	1.2795648205059676e-09
72	1.4418037998424042e-09
73	1.0303633156275614e-09
74	5.335823711114188e-10
75	2.0642296881859515e-10
