#x_axis	Th_all
1	8.8642950129599e-11
2	9.98432547466586e-11
3	6.203205169174444e-11
4	3.073654428804632e-11
5	1.8615693784649103e-11
6	1.1734679357934788e-10
7	1.300428543300199e-10
8	7.57488551171428e-11
9	3.54478573308858e-11
10	2.4731510082689208e-11
11	1.1532795471004487e-10
12	1.2856041094397253e-10
13	7.262748085156224e-11
14	3.129390019030542e-11
15	2.284288928805704e-11
16	1.1884894521762348e-10
17	1.3275808773923557e-10
18	7.392303913472115e-11
19	3.023533012643912e-11
20	2.2399380856271578e-11
21	1.2344675543169193e-10
22	1.3777722902201155e-10
23	7.697741528452109e-11
24	3.118963694011407e-11
25	2.2568501872054363e-11
26	4.0743516252260597e-10
27	4.162665741600323e-10
28	2.583243639212211e-10
29	1.7052134003142368e-10
30	1.233996097494204e-10
31	5.060319871952283e-10
32	5.128671186210932e-10
33	3.2184843832241367e-10
34	2.1992295699113104e-10
35	1.5873452289409827e-10
36	5.866223486371075e-10
37	5.910602158859433e-10
38	3.714552771469537e-10
39	2.593495753743093e-10
40	1.8883427420457633e-10
41	6.122894632955982e-10
42	6.15969163653725e-10
43	3.8702695668174875e-10
44	2.7144686114104644e-10
45	1.9810184810621402e-10
46	8.665652532257899e-10
47	8.767867691806818e-10
48	5.929984320356117e-10
49	4.248350828546239e-10
50	2.7712483296078943e-10
51	1.1921168277414586e-09
52	1.2060026673391598e-09
53	8.385837792320965e-10
54	6.099389760841336e-10
55	3.840205322019752e-10
56	1.3012600968155148e-09
57	1.316465957351794e-09
58	9.215647703077993e-10
59	6.732123457241389e-10
60	4.2091904011535974e-10
61	1.9516099920315947e-09
62	1.9873145761718792e-09
63	1.4363125932977103e-09
64	1.031601732929985e-09
65	5.959590315856633e-10
66	2.2809411327823895e-09
67	2.328243536448245e-09
68	1.6980381875918757e-09
69	1.209745350174392e-09
70	6.792390693964781e-10
71	2.872429495849346e-09
72	2.9441663059599573e-09
73	2.1622797979451357e-09
74	1.496582185472576e-09
75	7.933182257306983e-10
