#x_axis	Th_all
1	1.2567003041580854e-10
2	1.4300520623189617e-10
3	8.925373576623258e-11
4	4.299174185611613e-11
5	2.4856282686448434e-11
6	1.6430070457827768e-10
7	1.847758805424803e-10
8	1.0794811255237044e-10
9	4.753893878942695e-11
10	3.121882206572276e-11
11	1.5962583743156723e-10
12	1.8140213710034363e-10
13	1.0295860656996915e-10
14	4.080504153187254e-11
15	2.75984400734616e-11
16	1.6245079540205576e-10
17	1.8549851399015326e-10
18	1.0363264561574506e-10
19	3.816067138172761e-11
20	2.5974051385782702e-11
21	1.6767109237595453e-10
22	1.9133630236934822e-10
23	1.0714005985278421e-10
24	3.901489063015362e-11
25	2.5935742100302652e-11
26	5.693153505748658e-10
27	5.803259956409703e-10
28	3.489028302342356e-10
29	2.2079954039580974e-10
30	1.6234403738925716e-10
31	7.021910167036259e-10
32	7.086129490343583e-10
33	4.286474243565834e-10
34	2.817168005545355e-10
35	2.0826810151762378e-10
36	8.100843095787463e-10
37	8.118752547342189e-10
38	4.899512687984204e-10
39	3.2939374628279466e-10
40	2.472311125386065e-10
41	8.438865459073966e-10
42	8.442512541742487e-10
43	5.088632498286595e-10
44	3.438210610065208e-10
45	2.5922394844609586e-10
46	1.1917315281399621e-09
47	1.1926811147883176e-09
48	7.780128729678367e-10
49	5.489071879858354e-10
50	3.6872812769898544e-10
51	1.6284271633851092e-09
52	1.6251574097329903e-09
53	1.0903177070356754e-09
54	7.873664203198892e-10
55	5.119714536245284e-10
56	1.772119418484193e-09
57	1.7674802299351343e-09
58	1.1938123540511522e-09
59	8.677878139207742e-10
60	5.610679741391213e-10
61	2.6445121103010347e-09
62	2.647620325261773e-09
63	1.8544691035582924e-09
64	1.3349498394398957e-09
65	7.937582947260172e-10
66	3.0764704671444096e-09
67	3.0848391366456757e-09
68	2.183568751012532e-09
69	1.5634105458890512e-09
70	9.029567026247808e-10
71	3.851305839874716e-09
72	3.875862003645395e-09
73	2.7740918016449777e-09
74	1.938556303653678e-09
75	1.0581447843704987e-09
