#x_axis	Th_all
1	1.165049107401796e-10
2	1.262925959522156e-10
3	8.149683822689002e-11
4	4.797163560984301e-11
5	3.068291332509178e-11
6	1.3200111711752823e-10
7	1.444506632849364e-10
8	9.161927536637509e-11
9	5.686281607940707e-11
10	4.163298777476355e-11
11	1.1252179393261885e-10
12	1.2632245793170548e-10
13	7.867434099165522e-11
14	5.016669027429743e-11
15	4.121612049658842e-11
16	9.977044447710619e-11
17	1.1474346722338511e-10
18	6.994830674437248e-11
19	4.589188508671464e-11
20	4.130684867552676e-11
21	9.734489144392482e-11
22	1.122987865901924e-10
23	6.78538851382827e-11
24	4.438348561646068e-11
25	4.1480668737902065e-11
26	4.932067869296679e-10
27	5.05851073240122e-10
28	3.4061754464671745e-10
29	2.2562652296272532e-10
30	1.3228152169313987e-10
31	5.821660627875446e-10
32	5.963803099743612e-10
33	4.0574493636365723e-10
34	2.729703587533932e-10
35	1.5821980156349594e-10
36	6.500193488714225e-10
37	6.675617338690771e-10
38	4.59635090236e-10
39	3.158200643561893e-10
40	1.8331411246022073e-10
41	6.687122541059383e-10
42	6.87590250417367e-10
43	4.752309686723546e-10
44	3.2891256036183934e-10
45	1.9133834609877552e-10
46	9.633128873718403e-10
47	9.645954663165114e-10
48	6.506234038880419e-10
49	4.0976107141291196e-10
50	2.07997145717376e-10
51	1.2729335089343827e-09
52	1.2662273590644528e-09
53	8.546368329997928e-10
54	5.279292701261009e-10
55	2.5338966042353294e-10
56	1.3614668478742625e-09
57	1.3545875014445934e-09
58	9.175728846127393e-10
59	5.671210178050523e-10
60	2.6922435470915227e-10
61	1.9964764280162697e-09
62	1.94504987046614e-09
63	1.2756518225261214e-09
64	7.257533568453588e-10
65	3.067409501773351e-10
66	2.262362536651425e-09
67	2.1941362006377456e-09
68	1.429326712382191e-09
69	7.95488441699591e-10
70	3.2335816548328415e-10
71	2.735325389003785e-09
72	2.617784219317004e-09
73	1.660375242972104e-09
74	8.726788956772353e-10
75	3.3109187115407153e-10
