#x_axis	Th_all
1	5.3947788305873795e-11
2	6.367465401358684e-11
3	4.574740572981392e-11
4	2.9053743772589324e-11
5	1.8907536382056742e-11
6	6.340580492529051e-11
7	7.360760799771681e-11
8	5.0884775849591986e-11
9	3.349968186957873e-11
10	2.4523832874063696e-11
11	5.519360713639169e-11
12	6.34938724575567e-11
13	4.160711572410034e-11
14	2.746338308986421e-11
15	2.248332992917567e-11
16	5.093766163236366e-11
17	5.8077401782844566e-11
18	3.612839321549901e-11
19	2.3737989612903167e-11
20	2.1388875186896658e-11
21	5.1148001201407256e-11
22	5.8110051885755524e-11
23	3.548728165545297e-11
24	2.292504668352211e-11
25	2.1099219352672886e-11
26	2.552829339107594e-10
27	2.9699051697533935e-10
28	2.323103807936943e-10
29	1.6650579968485895e-10
30	1.021988983312374e-10
31	3.098081272925369e-10
32	3.6070610664550906e-10
33	2.854722570757785e-10
34	2.0694599422799457e-10
35	1.2589182407210392e-10
36	3.509935125938245e-10
37	4.087443871531781e-10
38	3.265156721079542e-10
39	2.404940056712732e-10
40	1.4685095059322388e-10
41	3.628307962401833e-10
42	4.224845210759387e-10
43	3.3827437075443524e-10
44	2.504069544611328e-10
45	1.53261910999333e-10
46	5.462189385652452e-10
47	6.413017089312178e-10
48	5.151177490958407e-10
49	3.561713950986661e-10
50	1.9621910735645976e-10
51	7.462043491672104e-10
52	8.78904079410527e-10
53	7.105196650472893e-10
54	4.846648739766351e-10
55	2.577930849326873e-10
56	8.068271953895398e-10
57	9.514220343441892e-10
58	7.715686104616466e-10
59	5.262595159654996e-10
60	2.783268678922345e-10
61	1.2300934720596898e-09
62	1.4504234825700035e-09
63	1.160199259083838e-09
64	7.48544277583656e-10
65	3.667747224601043e-10
66	1.422625216121225e-09
67	1.6776407432241608e-09
68	1.3371591981949942e-09
69	8.491206443191944e-10
70	4.0612589416388236e-10
71	1.774399852318764e-09
72	2.0857331954282366e-09
73	1.6351833155685646e-09
74	9.977913394342e-10
75	4.5540592096368165e-10
