#x_axis	Th_all
1	1.0303909220695965e-12
2	1.7008152763779905e-12
3	1.7910004853998246e-12
4	1.3863550891674745e-12
5	8.44815298415328e-13
6	1.1625869836570684e-12
7	1.9760949069458387e-12
8	2.1840721060867124e-12
9	1.7799552088623625e-12
10	1.1336919540328592e-12
11	9.182002494831184e-13
12	1.605570788412562e-12
13	1.8665691995945714e-12
14	1.6034364847910363e-12
15	1.06663095777036e-12
16	8.476592638610424e-13
17	1.4902901845493662e-12
18	1.7630883308472099e-12
19	1.5469437117673904e-12
20	1.049283847164866e-12
21	9.311874297443373e-13
22	1.5913591927068202e-12
23	1.822963344506367e-12
24	1.5643801631548406e-12
25	1.0512590569693636e-12
26	7.25460034832951e-12
27	1.1882702665533174e-11
28	1.2046374913554735e-11
29	8.785254020259673e-12
30	5.009254304451991e-12
31	9.324447895684234e-12
32	1.52729764205645e-11
33	1.5441322086464367e-11
34	1.1200532529046229e-11
35	6.337189067285895e-12
36	1.085391501006862e-11
37	1.7860247483611647e-11
38	1.8145738333754354e-11
39	1.3209673099263279e-11
40	7.481111389389924e-12
41	1.1325180538733504e-11
42	1.865270052495558e-11
43	1.8970924540976848e-11
44	1.3823005978205103e-11
45	7.832390400489948e-12
46	1.914080714642379e-11
47	3.0374734186014845e-11
48	2.91451291595621e-11
49	1.9835998971904187e-11
50	1.0543485956697862e-11
51	2.7865670015409413e-11
52	4.380660292774063e-11
53	4.134929286066654e-11
54	2.7546294371516838e-11
55	1.4321547479847061e-11
56	3.071783287344608e-11
57	4.822875211680557e-11
58	4.5408879246768366e-11
59	3.0145922475202065e-11
60	1.5618806452104607e-11
61	5.016083296591728e-11
62	7.679151400708299e-11
63	6.945835457787036e-11
64	4.3816722823775696e-11
65	2.1516240547672995e-11
66	5.99013697149117e-11
67	9.099080110984625e-11
68	8.125381147435564e-11
69	5.037894707859749e-11
70	2.4254786026374105e-11
71	7.825970959230328e-11
72	1.166867436957382e-10
73	1.0117328250700145e-10
74	6.033082715377906e-11
75	2.7831079566510548e-11
