#x_axis	Th_all
1	2.1459414697789849e-10
2	2.286276071244829e-10
3	1.3998146896264238e-10
4	7.591784792146557e-11
5	4.78295962184311e-11
6	2.393010593464527e-10
7	2.5988467427404146e-10
8	1.5439433065107766e-10
9	8.434393483623254e-11
10	6.250303092219281e-11
11	2.0221871436088062e-10
12	2.2881627606420567e-10
13	1.3292218465462915e-10
14	7.096278000678155e-11
15	6.011024869445231e-11
16	1.7703108858870117e-10
17	2.0822161111855337e-10
18	1.182775426154642e-10
19	6.158883216946931e-11
20	5.911047236522434e-11
21	1.7129039515164062e-10
22	2.0363874749581923e-10
23	1.1439669312003054e-10
24	5.87153770140524e-11
25	5.873887629220577e-11
26	8.721824970190608e-10
27	8.552113909817129e-10
28	5.279807300410928e-10
29	3.4015757586402825e-10
30	2.1261780532664786e-10
31	1.018671083672217e-09
32	9.9559334655797e-10
33	6.190502621224035e-10
34	4.0825690771930995e-10
35	2.547781410395455e-10
36	1.1297688702240316e-09
37	1.10590878819485e-09
38	6.934731602954454e-10
39	4.695008930042509e-10
40	2.9592892520136445e-10
41	1.1598044816574867e-09
42	1.1366280807438227e-09
43	7.146624225888409e-10
44	4.88016107191574e-10
45	3.0909278414339307e-10
46	1.6588268442307051e-09
47	1.5713614929202183e-09
48	9.81283200970573e-10
49	6.242044484980672e-10
50	3.4099786609074255e-10
51	2.1701701498510994e-09
52	2.0360501382604326e-09
53	1.2782188280701966e-09
54	8.082112066581692e-10
55	4.190505627166949e-10
56	2.31237132982801e-09
57	2.1689117905491222e-09
58	1.3678126188210027e-09
59	8.685956160567544e-10
60	4.462959337733953e-10
61	3.366415509992336e-09
62	3.0812013781268818e-09
63	1.901568425734147e-09
64	1.125996577220203e-09
65	5.117599022890677e-10
66	3.793819380362566e-09
67	3.454932348440565e-09
68	2.125354179173308e-09
69	1.238074251867673e-09
70	5.411334456834381e-10
71	4.557285434206592e-09
72	4.0936595363948095e-09
73	2.467770740150843e-09
74	1.3675849179204536e-09
75	5.569155079261272e-10
