#x_axis	Th_all
1	1.639316166692954e-10
2	1.7239879465887245e-10
3	1.0421848455493623e-10
4	5.698373724118685e-11
5	3.6668857103500916e-11
6	1.909636762714818e-10
7	2.033025668491857e-10
8	1.1961590696246432e-10
9	6.709238728953175e-11
10	5.012759478037855e-11
11	1.6813904270548048e-10
12	1.8469274765707105e-10
13	1.064965895941041e-10
14	5.913232458500502e-11
15	4.948047989984146e-11
16	1.5409144883515077e-10
17	1.7371272139183168e-10
18	9.818977413192835e-11
19	5.391758511057615e-11
20	4.963559073043409e-11
21	1.5184129430388724e-10
22	1.7198980921610937e-10
23	9.625999040047773e-11
24	5.227616461350461e-11
25	4.95921056566892e-11
26	6.818087635695506e-10
27	6.596706473937815e-10
28	4.062939182677286e-10
29	2.6487692742891203e-10
30	1.646447857818276e-10
31	8.072296596908682e-10
32	7.777809739577572e-10
33	4.829882668790019e-10
34	3.214400649359411e-10
35	1.9797094112720816e-10
36	9.048383036265222e-10
37	8.723860962182026e-10
38	5.464706122295427e-10
39	3.7218919032294283e-10
40	2.3010221427921265e-10
41	9.323504203552199e-10
42	8.995744477184407e-10
43	5.649674195169322e-10
44	3.8763899942846215e-10
45	2.4035453601057084e-10
46	1.3181677292959535e-09
47	1.2317667724646862e-09
48	7.675444037192142e-10
49	4.897120143985586e-10
50	2.627362313930451e-10
51	1.73821021152605e-09
52	1.607991917301894e-09
53	1.0062235550864225e-09
54	6.351217057144233e-10
55	3.216836155103559e-10
56	1.8606762727219075e-09
57	1.7200819285292983e-09
58	1.080496397540469e-09
59	6.834736184339273e-10
60	3.4232817163925537e-10
61	2.7051552630443904e-09
62	2.4415014187190194e-09
63	1.499704110821805e-09
64	8.830829071581302e-10
65	3.9099322691286934e-10
66	3.064896852049115e-09
67	2.750703487436076e-09
68	1.6818456243641963e-09
69	9.71278082681181e-10
70	4.124548960465135e-10
71	3.6980287461752905e-09
72	3.271211422368901e-09
73	1.955434508819093e-09
74	1.0696064228784113e-09
75	4.2065465954765945e-10
