#x_axis	Th_all
1	1.8921467270273885e-12
2	3.050500708387599e-12
3	3.1777913967935813e-12
4	2.461510073292485e-12
5	1.502021670343203e-12
6	2.0481130213416944e-12
7	3.3803865514496432e-12
8	3.702123808728101e-12
9	3.036154502851964e-12
10	1.9456622193587555e-12
11	1.5231068698031196e-12
12	2.576595768047781e-12
13	2.997049270355455e-12
14	2.6282274034533802e-12
15	1.777545701628142e-12
16	1.2953865295166065e-12
17	2.2132992118344175e-12
18	2.6681863791461537e-12
19	2.436082562493838e-12
20	1.7006661493449863e-12
21	1.385481647905988e-12
22	2.3104425440463743e-12
23	2.7084944425490107e-12
24	2.4312520101268597e-12
25	1.6889231589507876e-12
26	1.276762398775674e-11
27	2.0670076712620864e-11
28	2.0939846757091547e-11
29	1.5337795471567482e-11
30	8.774603333765749e-12
31	1.6183427223425048e-11
32	2.6244903815643464e-11
33	2.656979107630266e-11
34	1.939345451223558e-11
35	1.1029681866330691e-11
36	1.8639946897421624e-11
37	3.040007517574848e-11
38	3.0982852780043775e-11
39	2.274006262052598e-11
40	1.2971510249519317e-11
41	1.9366793787653988e-11
42	3.1630840726832145e-11
43	3.229774282577231e-11
44	2.3747533132125197e-11
45	1.3564789756521924e-11
46	3.2972603293022386e-11
47	5.20541101581786e-11
48	5.0124786511784336e-11
49	3.434318581399678e-11
50	1.8345229266553465e-11
51	4.760069003638249e-11
52	7.45918631402891e-11
53	7.077099669134888e-11
54	4.751821502395968e-11
55	2.4843557884001332e-11
56	5.2232664808072136e-11
57	8.180609059230238e-11
58	7.748646787503242e-11
59	5.189048715091475e-11
60	2.7051120352706475e-11
61	8.517873103346189e-11
62	1.30291909783284e-10
63	1.1856504085690366e-10
64	7.535189249460318e-11
65	3.7117676620474064e-11
66	1.011657635903514e-10
67	1.5370273888528562e-10
68	1.3821314659086015e-10
69	8.639435602554809e-11
70	4.172787244967995e-11
71	1.314155191588255e-10
72	1.9627475952667492e-10
73	1.7156377315035295e-10
74	1.0325274146135362e-10
75	4.7841750180799776e-11
