#x_axis	Th_all
1	9.912218694662768e-13
2	1.584860292425947e-12
3	1.6548894483119596e-12
4	1.2956038088895956e-12
5	8.051035517079248e-13
6	1.2021103614800304e-12
7	1.9442700583231246e-12
8	2.0889505053184044e-12
9	1.689992307618736e-12
10	1.0823910376457795e-12
11	1.0674685652912094e-12
12	1.7298084218196563e-12
13	1.8915021529342784e-12
14	1.5675243960324242e-12
15	1.0272912964753052e-12
16	1.1276582553798844e-12
17	1.8076215790614776e-12
18	1.9504291749546805e-12
19	1.5970881349334784e-12
20	1.0353984871204345e-12
21	1.2976600351186435e-12
22	2.0412079883476307e-12
23	2.1292396493349433e-12
24	1.684917715652827e-12
25	1.0657053088826598e-12
26	7.179706803097836e-12
27	1.1641745203655746e-11
28	1.1961637723332463e-11
29	9.004517919799302e-12
30	5.3597124833951354e-12
31	9.444873627852792e-12
32	1.532668268429102e-11
33	1.5709435188988947e-11
34	1.1768307962294456e-11
35	6.9621110222407184e-12
36	1.1172732133694597e-11
37	1.8182860657117425e-11
38	1.8689132713643943e-11
39	1.4029624279568667e-11
40	8.31177597890985e-12
41	1.1749320952836803e-11
42	1.912046999426523e-11
43	1.964817192028779e-11
44	1.474630388350657e-11
45	8.739060755458278e-12
46	1.993911931521677e-11
47	3.183104955469301e-11
48	3.1512150668380976e-11
49	2.2600606822889977e-11
50	1.2816274292476975e-11
51	2.964656179521617e-11
52	4.708181238799456e-11
53	4.609304460199177e-11
54	3.258546843958463e-11
55	1.821454121510734e-11
56	3.3015207912654625e-11
57	5.2383402176435554e-11
58	5.1179907073747885e-11
59	3.60969724718614e-11
60	2.0146939184413355e-11
61	5.476649613154359e-11
62	8.542758191432049e-11
63	8.096223122102638e-11
64	5.476258571666225e-11
65	2.8962265153047792e-11
66	6.640131746043985e-11
67	1.0292648202162303e-10
68	9.645246375870396e-11
69	6.41896088038164e-11
70	3.319507501163451e-11
71	8.864778825567975e-11
72	1.3535592563410252e-10
73	1.2366531692332039e-10
74	7.948294778520652e-11
75	3.9384341933860787e-11
