#x_axis	Th_all
1	7.684233727257374e-12
2	1.0300586864942031e-11
3	9.21387708207714e-12
4	6.463706991629966e-12
5	3.6000900326416115e-12
6	8.053869499176194e-12
7	1.1116646203691717e-11
8	1.070870862251548e-11
9	8.186929370001063e-12
10	4.779384964442795e-12
11	5.961814076723289e-12
12	8.570369558173448e-12
13	9.09077756169874e-12
14	7.699249846025555e-12
15	4.7606230801500775e-12
16	4.531856010712989e-12
17	6.837962515673023e-12
18	8.025621374229929e-12
19	7.438978539561442e-12
20	4.804529264774807e-12
21	4.2354534695662405e-12
22	6.4410748821169636e-12
23	7.744125323295998e-12
24	7.3565698711061e-12
25	4.815568611251452e-12
26	3.8812339384742155e-11
27	5.220168913259769e-11
28	4.5118153987141253e-11
29	2.8497560378251718e-11
30	1.3934323499724604e-11
31	4.635481857988693e-11
32	6.266113731024466e-11
33	5.438162906750778e-11
34	3.42296852777483e-11
35	1.655796520145161e-11
36	5.180504113577615e-11
37	7.073213952152829e-11
38	6.223148581505082e-11
39	3.950564791120025e-11
40	1.9087092997390857e-11
41	5.3241333425799714e-11
42	7.296002725346617e-11
43	6.453774888047595e-11
44	4.1139411025421834e-11
45	1.98962874991541e-11
46	8.255506830903689e-11
47	1.0772101022050342e-10
48	8.652333493758678e-11
49	4.898930694938983e-11
50	2.1729420127293254e-11
51	1.1180201369329283e-10
52	1.446253192094013e-10
53	1.1355143984790055e-10
54	6.19041185889521e-11
55	2.6439794673885413e-11
56	1.200792629641467e-10
57	1.554682658550436e-10
58	1.2198343954684805e-10
59	6.62227021241954e-11
60	2.8087998833689355e-11
61	1.8290127591095974e-10
62	2.2872270483648794e-10
63	1.6734158073055115e-10
64	8.231219177147299e-11
65	3.208632614325238e-11
66	2.0931507480387094e-10
67	2.598064135538935e-10
68	1.8690011395362737e-10
69	8.941213651936402e-11
70	3.3852648370920707e-11
71	2.5742562587217036e-10
72	3.12726819967824e-10
73	2.1551250203389887e-10
74	9.67194499482981e-11
75	3.471901609328331e-11
