#x_axis	Th_all
1	1.2603797033445527e-10
2	1.51489605055603e-10
3	9.920182021678713e-11
4	4.434998836586463e-11
5	2.0018263028702684e-11
6	1.7889417186908077e-10
7	2.119090963591016e-10
8	1.304818084272887e-10
9	5.0819539467585307e-11
10	2.229013815663708e-11
11	1.8542280986904436e-10
12	2.2126760670037566e-10
13	1.3600223537459724e-10
14	5.083224938019209e-11
15	2.0867171175733093e-11
16	1.9971853966012996e-10
17	2.379733368519269e-10
18	1.4690880106466499e-10
19	5.531095540394553e-11
20	2.217386880091305e-11
21	2.107088231800645e-10
22	2.5005074487759034e-10
23	1.5590157187587457e-10
24	6.067195811525865e-11
25	2.44301770551226e-11
26	5.902149532255935e-10
27	6.064781386141121e-10
28	3.2370465508848706e-10
29	1.543374879930914e-10
30	1.1729010981210183e-10
31	7.451442093350064e-10
32	7.506763093649356e-10
33	3.948351954477538e-10
34	1.988570697191306e-10
35	1.5919197318909286e-10
36	8.774341905120598e-10
37	8.738582649325694e-10
38	4.5274177705799106e-10
39	2.3270173243501209e-10
40	1.9312108983624817e-10
41	9.221421061056975e-10
42	9.159592367045197e-10
43	4.734633090968922e-10
44	2.448106806552971e-10
45	2.044171997548641e-10
46	1.2585429003728767e-09
47	1.2239568301386873e-09
48	6.803598315478482e-10
49	4.2736796321051626e-10
50	3.378034992548669e-10
51	1.7423925439256802e-09
52	1.672404767669046e-09
53	9.56079096404855e-10
54	6.481601090890173e-10
55	5.067065359512917e-10
56	1.91577154977957e-09
57	1.8335662891827608e-09
58	1.057133606402212e-09
59	7.299349600646881e-10
60	5.685499695688084e-10
61	2.848038911595343e-09
62	2.7176222071796058e-09
63	1.6716454835196624e-09
64	1.2319462895316393e-09
65	8.994912307089264e-10
66	3.357875766561386e-09
67	3.2067187493237508e-09
68	2.022141713996332e-09
69	1.5144225428062487e-09
70	1.075603388285231e-09
71	4.274366027640547e-09
72	4.109727604445164e-09
73	2.7034581193847823e-09
74	2.0409128210766362e-09
75	1.368434774454622e-09
