#x_axis	Th_all
1	4.379110029497652e-11
2	5.171056959489356e-11
3	3.506183909113568e-11
4	1.9830391239803945e-11
5	1.2756734955505535e-11
6	5.669391755242981e-11
7	6.537867383177255e-11
8	4.1567786804913356e-11
9	2.2921351805037383e-11
10	1.6649576188494955e-11
11	5.452369411468645e-11
12	6.256856447911419e-11
13	3.788310248184467e-11
14	1.9453076047960704e-11
15	1.5017237383308482e-11
16	5.57323544976038e-11
17	6.383153817037493e-11
18	3.76611284290756e-11
19	1.8293769318588726e-11
20	1.4407220267002188e-11
21	5.831373158590584e-11
22	6.694326855580875e-11
23	3.9720255050201544e-11
24	1.9076614789446346e-11
25	1.468244947135998e-11
26	2.12550296222899e-10
27	2.397760062354619e-10
28	1.7513490537369404e-10
29	1.2564856955746924e-10
30	8.603801154113981e-11
31	2.653864361095585e-10
32	2.9894657185110325e-10
33	2.2179540238484738e-10
34	1.62675396494742e-10
35	1.107362555316879e-10
36	3.0745449173259783e-10
37	3.452360413454351e-10
38	2.5759564898847276e-10
39	1.922042485377573e-10
40	1.3175591575484296e-10
41	3.2081982044524383e-10
42	3.59932588471741e-10
43	2.6883072704037764e-10
44	2.014050766769194e-10
45	1.384344414505825e-10
46	4.743527737547619e-10
47	5.464765917728256e-10
48	4.33592080873042e-10
49	3.211319154696313e-10
50	2.0081909765509822e-10
51	6.624672452709689e-10
52	7.695657555329626e-10
53	6.244209105884835e-10
54	4.6341663118004885e-10
55	2.8122185760417217e-10
56	7.251872913944833e-10
57	8.441256976523241e-10
58	6.887880490499372e-10
59	5.120607764265237e-10
60	3.0907189626857237e-10
61	1.1165411778910474e-09
62	1.3173982011728336e-09
63	1.090512978234191e-09
64	7.835515796599984e-10
65	4.3774465494136767e-10
66	1.314772519433804e-09
67	1.5576815532618842e-09
68	1.2933651691410975e-09
69	9.174488613985501e-10
70	4.985919895857495e-10
71	1.6802185009320904e-09
72	2.003209513648677e-09
73	1.6604851000677422e-09
74	1.1433627030833934e-09
75	5.951952057286802e-10
