#x_axis	Th_all
1	4.463023064169011e-13
2	7.595750874412335e-13
3	8.261529331265207e-13
4	6.615092445642296e-13
5	4.1811822866775294e-13
6	5.525936986397315e-13
7	9.587027575507804e-13
8	1.0758174386580798e-12
9	8.911206775746994e-13
10	5.80919161589672e-13
11	5.096839167070194e-13
12	8.891217654787968e-13
13	1.0119731351994009e-12
14	8.532462425158556e-13
15	5.664048196962646e-13
16	5.772715658268934e-13
17	9.90149815408464e-13
18	1.102248905658998e-12
19	9.11260525306411e-13
20	5.969437500700149e-13
21	6.937481785072447e-13
22	1.1576795743521045e-12
23	1.2378973682784225e-12
24	9.834213953242855e-13
25	6.245862489078313e-13
26	3.551276131898809e-12
27	6.031501113046971e-12
28	6.383904416140165e-12
29	4.894883861542124e-12
30	2.9442456157754963e-12
31	4.769345408460367e-12
32	8.089600291437748e-12
33	8.52609198735588e-12
34	6.4961469744701446e-12
35	3.877363535203991e-12
36	5.713953720371876e-12
37	9.710241311061686e-12
38	1.0249041153862692e-11
39	7.812892521703054e-12
40	4.658904921385804e-12
41	6.044443520144625e-12
42	1.026427216856233e-11
43	1.082135994535563e-11
44	8.238005115826299e-12
45	4.905171361904276e-12
46	1.0396142978591297e-11
47	1.721917076169255e-11
48	1.7449388685492177e-11
49	1.267703897218148e-11
50	7.21203742269814e-12
51	1.571836084062406e-11
52	2.582976262711273e-11
53	2.5832117376231528e-11
54	1.8461680714519493e-11
55	1.0330813696796731e-11
56	1.7628151521092137e-11
57	2.8911737533551536e-11
58	2.8822657545712572e-11
59	2.0520383403538523e-11
60	1.1443669581533094e-11
61	2.966964365250951e-11
62	4.778125762862831e-11
63	4.630885517703699e-11
64	3.184069143633838e-11
65	1.7114347663848665e-11
66	3.637239172718426e-11
67	5.816563820152471e-11
68	5.5757305036875645e-11
69	3.7797558795539326e-11
70	1.9987414229169287e-11
71	4.9320472643000356e-11
72	7.761299307253051e-11
73	7.257303704309367e-11
74	4.76126592967939e-11
75	2.4204169649130248e-11
