#x_axis	Th_all
1	5.591121872094984e-12
2	7.681734766695474e-12
3	7.152665779559008e-12
4	5.336603909748385e-12
5	3.2011070520163196e-12
6	6.365691842724255e-12
7	8.764349377114768e-12
8	8.470016808509715e-12
9	6.6891411952261656e-12
10	4.163986387482284e-12
11	5.184029017736387e-12
12	7.092539560789597e-12
13	7.092161756948368e-12
14	5.968360907159066e-12
15	3.893788726482337e-12
16	4.6163934748508884e-12
17	6.251087641309707e-12
18	6.376998848953279e-12
19	5.60102034850173e-12
20	3.761321223586823e-12
21	4.726405057605023e-12
22	6.328607102672979e-12
23	6.359473363531883e-12
24	5.553363206163201e-12
25	3.733629648286186e-12
26	3.2013267864991775e-11
27	4.5382261755486325e-11
28	4.252129088939388e-11
29	2.995927812563911e-11
30	1.6521220643193183e-11
31	3.981580564522344e-11
32	5.66706338003409e-11
33	5.320527739039198e-11
34	3.7344155467199886e-11
35	2.0460285675274143e-11
36	4.558396185245311e-11
37	6.523966300146925e-11
38	6.175150189076893e-11
39	4.360245961805978e-11
40	2.3967819597185234e-11
41	4.7266707584172605e-11
42	6.774650755883004e-11
43	6.428486258586742e-11
44	4.5495555495615866e-11
45	2.5056577669712223e-11
46	7.581105572448765e-11
47	1.0669205117264511e-10
48	9.589452833038529e-11
49	6.299150552817881e-11
50	3.253350966054206e-11
51	1.0679268064433498e-10
52	1.4987040949652645e-10
53	1.3295518883930508e-10
54	8.543405367089059e-11
55	4.317039204853729e-11
56	1.1644549661191966e-10
57	1.6349469275875098e-10
58	1.4490398492927632e-10
59	9.28652259654732e-11
60	4.678981919254346e-11
61	1.838271181728105e-10
62	2.5354036209833407e-10
63	2.1546846712043332e-10
64	1.2996503577405507e-10
65	6.127719811540676e-11
66	2.156337434007324e-10
67	2.9591458928505874e-10
68	2.4840672288426836e-10
69	1.4699848000696653e-10
70	6.769954076340538e-11
71	2.74578267782374e-10
72	3.714507826400352e-10
73	3.0269237862162037e-10
74	1.7179697334147096e-10
75	7.576013202926355e-11
