#x_axis	Th_all
1	9.472826278841917e-11
2	1.0167110437432515e-10
3	6.43502350433169e-11
4	3.747976276660588e-11
5	2.452203674013911e-11
6	1.1283819722033397e-10
7	1.2109970032975698e-10
8	7.44972052808306e-11
9	4.5228553926695494e-11
10	3.3651203136470976e-11
11	1.0088299381238047e-10
12	1.0985753762769961e-10
13	6.5572984378914e-11
14	3.993812442755139e-11
15	3.297293502197792e-11
16	9.435446572775534e-11
17	1.0381029515020771e-10
18	6.021340823215697e-11
19	3.6638368605064256e-11
20	3.291465666189461e-11
21	9.401283871382342e-11
22	1.0341180406943526e-10
23	5.920978489626698e-11
24	3.566605815710774e-11
25	3.2839134837089064e-11
26	4.112777192185964e-10
27	4.1655462315259457e-10
28	2.786751597893838e-10
29	1.8896434460534878e-10
30	1.1503271882563109e-10
31	4.930837349270514e-10
32	4.980914612811022e-10
33	3.3680468640605934e-10
34	2.31874300139557e-10
35	1.3928276714768647e-10
36	5.569342991173057e-10
37	5.627113302914737e-10
38	3.8421217847977237e-10
39	2.6961780815755797e-10
40	1.6210705557445055e-10
41	5.753225874281564e-10
42	5.814489998780219e-10
43	3.980570056162696e-10
44	2.8105018779909536e-10
45	1.693087786837321e-10
46	8.225806814192309e-10
47	8.184154026621859e-10
48	5.583575852181945e-10
49	3.65251474527196e-10
50	1.933113813900043e-10
51	1.0989533654590648e-09
52	1.088192907966458e-09
53	7.464733454396893e-10
54	4.808262010514647e-10
55	2.416914614930719e-10
56	1.1820238534458305e-09
57	1.170395112907184e-09
58	8.057253864723213e-10
59	5.190908670863862e-10
60	2.5835688909397034e-10
61	1.7395498404766696e-09
62	1.698372757922894e-09
63	1.1463275004918572e-09
64	6.881918220476143e-10
65	3.072781512513659e-10
66	1.9865246117544037e-09
67	1.9327835420101098e-09
68	1.298158226167255e-09
69	7.633780950668753e-10
70	3.2838995310656657e-10
71	2.4230985551091005e-09
72	2.333604634112621e-09
73	1.5337892629935693e-09
74	8.556263801615999e-10
75	3.438537630273258e-10
