#x_axis	Th_all
1	1.5852162373044479e-10
2	1.8048134236028634e-10
3	1.232442417975092e-10
4	7.357494063509148e-11
5	4.5602695269320574e-11
6	1.6289183634287988e-10
7	1.8766775219539692e-10
8	1.245430382831201e-10
9	7.707261354619642e-11
10	5.6191150899762015e-11
11	1.2438046363702648e-10
12	1.4793829734246942e-10
13	9.492486050392894e-11
14	6.041766955852427e-11
15	5.2096396824045844e-11
16	9.613315548565356e-11
17	1.1907757760693895e-10
18	7.316106206157344e-11
19	4.8364928536459246e-11
20	4.9713118541709435e-11
21	8.864525407556932e-11
22	1.1137082964208775e-10
23	6.694243668061545e-11
24	4.469346482361066e-11
25	4.8985251511042395e-11
26	6.540907194798341e-10
27	7.13096521351608e-10
28	5.057850832816857e-10
29	3.3629490853713707e-10
30	1.982687879762166e-10
31	7.529492504963517e-10
32	8.212690492441843e-10
33	5.887050401049372e-10
34	3.996945567779843e-10
35	2.3603251823328244e-10
36	8.227447372059346e-10
37	9.00663059492955e-10
38	6.542514021073759e-10
39	4.5642670779166224e-10
40	2.727179992694337e-10
41	8.398831976851948e-10
42	9.209325841953289e-10
43	6.720224132948595e-10
44	4.733432831419681e-10
45	2.843566224023857e-10
46	1.2580089849514836e-09
47	1.3492763694004716e-09
48	9.615821115535316e-10
49	6.145080592609677e-10
50	3.2140882278092093e-10
51	1.645713441278634e-09
52	1.7587908489349524e-09
53	1.2577139686278299e-09
54	7.937837717589386e-10
55	3.9699448393062283e-10
56	1.746060729126955e-09
57	1.8682460957142027e-09
58	1.3427772836534194e-09
59	8.507333179532205e-10
60	4.224867539751471e-10
61	2.593979964224749e-09
62	2.7280734262590267e-09
63	1.9028537686859946e-09
64	1.1149797133133956e-09
65	4.980721122125333e-10
66	2.917914203088086e-09
67	3.060844327887918e-09
68	2.1267950322495612e-09
69	1.2264738280217937e-09
70	5.312091020865165e-10
71	3.518197498176507e-09
72	3.6537344901508177e-09
73	2.4842430083125156e-09
74	1.3665974713491201e-09
75	5.607364908145776e-10
