#x_axis	Th_all
1	2.267532692180293e-10
2	2.528602438664265e-10
3	1.6264217671510217e-10
4	8.928717407495106e-11
5	5.478401519994525e-11
6	2.4776370449599693e-10
7	2.8091713327280734e-10
8	1.7438281277226848e-10
9	9.47130664400889e-11
10	6.838060514030948e-11
11	2.0374339542893214e-10
12	2.400996229334171e-10
13	1.4464050815700582e-10
14	7.543073415760692e-11
15	6.29733039338604e-11
16	1.7318967543893706e-10
17	2.1220045665267904e-10
18	1.2381483793555653e-10
19	6.160851362409811e-11
20	5.972796279640336e-11
21	1.6600107085386986e-10
22	2.0570530256689083e-10
23	1.1829428778068537e-10
24	5.745123671326831e-11
25	5.86632143185248e-11
26	9.37303387789543e-10
27	9.714404355363684e-10
28	6.304791979182227e-10
29	4.075237364092857e-10
30	2.563758978476355e-10
31	1.0925360907736726e-09
32	1.1292562961984036e-09
33	7.377394203874784e-10
34	4.880931528059616e-10
35	3.0818884530175163e-10
36	1.2074971808449684e-09
37	1.249652402110619e-09
38	8.224864014307309e-10
39	5.585348099698373e-10
40	3.57682638830796e-10
41	1.237826174165356e-09
42	1.2822572580090733e-09
43	8.459126195067151e-10
44	5.79378077381627e-10
45	3.732783480897172e-10
46	1.8045969673458464e-09
47	1.8206417041519774e-09
48	1.199750638124699e-09
49	7.704549876434856e-10
50	4.2989296214556956e-10
51	2.368297674572196e-09
52	2.3725389245933384e-09
53	1.573636670957958e-09
54	1.0073981472119448e-09
55	5.376773865893364e-10
56	2.522328916163839e-09
57	2.5270070290159075e-09
58	1.6836913379399536e-09
59	1.0832621066808281e-09
60	5.744201519842105e-10
61	3.711910754211403e-09
62	3.6493433455720703e-09
63	2.3910994318194812e-09
64	1.4455020311859214e-09
65	6.867790789846921e-10
66	4.1890854001773494e-09
67	4.103655878043985e-09
68	2.6837058481319987e-09
69	1.600883831077374e-09
70	7.363248981322544e-10
71	5.054624776638167e-09
72	4.8991237122988384e-09
73	3.1509823366901913e-09
74	1.7991876223508692e-09
75	7.783055461796269e-10
