#x_axis	Th_all
1	1.625709645373129e-11
2	2.0905174297351896e-11
3	1.744031852724351e-11
4	1.2534166980596757e-11
5	8.119902859432302e-12
6	1.905646987914041e-11
7	2.3912708549751716e-11
8	1.966444634141247e-11
9	1.4811947016498138e-11
10	1.021913859437089e-11
11	1.6321625532333233e-11
12	1.9890844558933563e-11
13	1.5775423655572237e-11
14	1.2261623519222863e-11
15	9.071165890296099e-12
16	1.5245640295095015e-11
17	1.8145789205898634e-11
18	1.3865442378757712e-11
19	1.0923676145646294e-11
20	8.45580136409177e-12
21	1.5784909897373517e-11
22	1.872995005476803e-11
23	1.4092332602345565e-11
24	1.0891561611324157e-11
25	8.409104517262196e-12
26	8.755146851056121e-11
27	1.164522879201372e-10
28	1.0534825239025252e-10
29	7.844014735317867e-11
30	4.707719047155979e-11
31	1.0874925334642453e-10
32	1.453127638983687e-10
33	1.3260383399253657e-10
34	9.901075340679319e-11
35	5.905025638201745e-11
36	1.2446183893949436e-10
37	1.6670681386320081e-10
38	1.534637089293685e-10
39	1.157160599055157e-10
40	6.936309764463347e-11
41	1.2913252586178215e-10
42	1.7302726459082564e-10
43	1.5963317451429043e-10
44	1.2074277055965577e-10
45	7.256133818061935e-11
46	2.0598285290364218e-10
47	2.7977641566209635e-10
48	2.54747039483758e-10
49	1.8164187290627754e-10
50	1.0196603232490739e-10
51	2.903600655847173e-10
52	3.9654600629362826e-10
53	3.6106124925498063e-10
54	2.537956297362219e-10
55	1.3942387995197385e-10
56	3.1690507870433365e-10
57	4.3352874652837985e-10
58	3.952866442503867e-10
59	2.7752491005688536e-10
60	1.5198864174544795e-10
61	5.021809787692055e-10
62	6.865817029884051e-10
63	6.124435264698487e-10
64	4.091315239711475e-10
65	2.1018225802415312e-10
66	5.910033524243676e-10
67	8.077127062797397e-10
68	7.156713714853997e-10
69	4.707322094325476e-10
70	2.3663953652566337e-10
71	7.57939935116347e-10
72	1.031286141873909e-09
73	8.9674230998681e-10
74	5.707293605284412e-10
75	2.770700252692637e-10
