#x_axis	Th_all
1	1.6969227138557606e-10
2	1.944599814489744e-10
3	1.3167819160469475e-10
4	7.680560491723277e-11
5	4.771146099464636e-11
6	1.797035851594734e-10
7	2.0736288762830756e-10
8	1.3439607172446358e-10
9	7.854827597729162e-11
10	5.7346564309446026e-11
11	1.4177105855939846e-10
12	1.677554527692798e-10
13	1.0323478357756113e-10
14	5.882139517842585e-11
15	5.09608249413572e-11
16	1.1475966782412529e-10
17	1.3964339783217307e-10
18	8.074970068035335e-11
19	4.4437619014425234e-11
20	4.683123826690564e-11
21	1.0810787260841634e-10
22	1.3270051115982547e-10
23	7.462344179713069e-11
24	4.0162149852848234e-11
25	4.555737560863665e-11
26	7.114698971477271e-10
27	7.753901057216219e-10
28	5.444104612637055e-10
29	3.650745726697412e-10
30	2.246322263346922e-10
31	8.259174417916172e-10
32	8.989059473939318e-10
33	6.36637934496088e-10
34	4.363102292664938e-10
35	2.69642094007029e-10
36	9.07841908265717e-10
37	9.892580062810712e-10
38	7.073133538545589e-10
39	4.977540913063368e-10
40	3.122734824470926e-10
41	9.28615968093967e-10
42	1.0126262121750058e-09
43	7.261860619863827e-10
44	5.156794169471999e-10
45	3.255972803613456e-10
46	1.3873665064696429e-09
47	1.4922390595583194e-09
48	1.0678935323024183e-09
49	7.022554561629583e-10
50	3.8621214772342454e-10
51	1.8259171815801752e-09
52	1.958502262551944e-09
53	1.4118099324379943e-09
54	9.222495060224699e-10
55	4.870531104655115e-10
56	1.9427067491812103e-09
57	2.0852846774228355e-09
58	1.510446726995603e-09
59	9.909219551794192e-10
60	5.202821690772909e-10
61	2.894580303049682e-09
62	3.0707710639052552e-09
63	2.1852714397132376e-09
64	1.3429814138842657e-09
65	6.37409825937229e-10
66	3.269733266936957e-09
67	3.4622964246016344e-09
68	2.4591831846921538e-09
69	1.4908885548972574e-09
70	6.874259185717297e-10
71	3.962832899505128e-09
72	4.165824623756221e-09
73	2.911657206612863e-09
74	1.6937409348748539e-09
75	7.4169202634279e-10
