#x_axis	Th_all
1	3.0214900488179263e-10
2	3.1312968711918154e-10
3	1.8731968917812624e-10
4	1.006303871149847e-10
5	6.21131670761016e-11
6	3.134202136028348e-10
7	3.395540325900706e-10
8	2.0216975837593732e-10
9	1.1182677714967639e-10
10	8.194828070794651e-11
11	2.4867664065651334e-10
12	2.9069453380476925e-10
13	1.746723405365669e-10
14	9.814347721202024e-11
15	8.239411579567805e-11
16	2.0060998759419433e-10
17	2.5596141906032177e-10
18	1.5491123329177911e-10
19	8.88348047044584e-11
20	8.399084519673599e-11
21	1.8717807448661402e-10
22	2.464320421805077e-10
23	1.4919874014718305e-10
24	8.597181997459699e-11
25	8.453802957567714e-11
26	1.1521344005998368e-09
27	1.0927579412551084e-09
28	6.440985623919001e-10
29	3.9604070590842975e-10
30	2.357042721703992e-10
31	1.312456134874533e-09
32	1.2457247911800864e-09
33	7.406781367055655e-10
34	4.67327488777762e-10
35	2.7827447349626634e-10
36	1.4308537209940059e-09
37	1.3679536951853299e-09
38	8.244860781871251e-10
39	5.362019307463744e-10
40	3.2207708641591817e-10
41	1.4608545368115872e-09
42	1.4015121001218775e-09
43	8.489915113235807e-10
44	5.578406558860175e-10
45	3.3653478013713173e-10
46	2.0919653856319385e-09
47	1.890251180642861e-09
48	1.096335252706579e-09
49	6.531236212229697e-10
50	3.3682028276472225e-10
51	2.684324693758757e-09
52	2.392773200006187e-09
53	1.3850181298298053e-09
54	8.163850680376954e-10
55	3.955302601517065e-10
56	2.8361602408498248e-09
57	2.530016868409643e-09
58	1.4724320065747323e-09
59	8.727822924547474e-10
60	4.17630738620171e-10
61	4.087756864628315e-09
62	3.498959837982238e-09
63	1.9439264798586683e-09
64	1.050162337428686e-09
65	4.3580601435587564e-10
66	4.55065574284302e-09
67	3.868060305000797e-09
68	2.135664062170898e-09
69	1.132242887793681e-09
70	4.4807759065756344e-10
71	5.389148895751522e-09
72	4.486869642592344e-09
73	2.401423537040449e-09
74	1.1980537294432744e-09
75	4.3764662990328647e-10
