#x_axis	Th_all
1	5.169305082874094e-11
2	5.821337615459253e-11
3	4.175622210705991e-11
4	2.7395886243455734e-11
5	1.7100000776400506e-11
6	5.7281765975221255e-11
7	6.483704711451424e-11
8	4.7099414794694634e-11
9	3.385177495955091e-11
10	2.3251974658540215e-11
11	4.719380709301565e-11
12	5.413613788930671e-11
13	3.957531845182606e-11
14	3.089002214337224e-11
15	2.3328214038531373e-11
16	4.0466189603949536e-11
17	4.701149015946736e-11
18	3.451202183101586e-11
19	2.9084268272062298e-11
20	2.3694398068377244e-11
21	3.9100086942654636e-11
22	4.545315706542965e-11
23	3.3172225361038235e-11
24	2.8513148510428404e-11
25	2.3800372766232794e-11
26	2.285836258431953e-10
27	2.5372191442773353e-10
28	1.9203713076954985e-10
29	1.2806045261412915e-10
30	6.828586321712049e-11
31	2.705251422625846e-10
32	3.010261479919475e-10
33	2.3034392455159117e-10
34	1.5451942510454283e-10
35	8.10155098543116e-11
36	3.0196798281010386e-10
37	3.3777623399444303e-10
38	2.6237236686996646e-10
39	1.787338720631997e-10
40	9.331609363439303e-11
41	3.1050283876077735e-10
42	3.4799154128129847e-10
43	2.7168928239726575e-10
44	1.861912628598788e-10
45	9.725191451574912e-11
46	4.573770947001769e-10
47	5.003069818819754e-10
48	3.6995654002530384e-10
49	2.2551938397269905e-10
50	1.0493055042102296e-10
51	6.08678254909018e-10
52	6.631522293815624e-10
53	4.86590079650291e-10
54	2.8728085294241397e-10
55	1.2682526352490866e-10
56	6.517071137988122e-10
57	7.107389604028956e-10
58	5.226979586576582e-10
59	3.0782207704504764e-10
60	1.3445401117280566e-10
61	9.669875673740561e-10
62	1.0329380659443281e-09
63	7.235437460812283e-10
64	3.872100747135659e-10
65	1.5276408771343636e-10
66	1.098859404637882e-09
67	1.1687825967578244e-09
68	8.09745281532899e-10
69	4.2214283294159415e-10
70	1.6090719830671897e-10
71	1.3353400295202003e-09
72	1.4005677424483003e-09
73	9.377477687205385e-10
74	4.5942625304870663e-10
75	1.649125541796676e-10
