#x_axis	Th_all
1	1.616950433227462e-10
2	1.7951850770601048e-10
3	1.1293395836575761e-10
4	5.999801664747591e-11
5	3.7360479383418376e-11
6	1.933409329282052e-10
7	2.1486583219826958e-10
8	1.286974224065551e-10
9	6.65267126498819e-11
10	4.821049740086747e-11
11	1.734221826082397e-10
12	1.9654609873579286e-10
13	1.1334683090215865e-10
14	5.461219963928561e-11
15	4.413399840688875e-11
16	1.6279160300445862e-10
17	1.8718771341871776e-10
18	1.0432513643443624e-10
19	4.68029466693554e-11
20	4.175267529035145e-11
21	1.625294337485547e-10
22	1.8714518707598832e-10
23	1.0309990504442385e-10
24	4.478201086160161e-11
25	4.0968861032221364e-11
26	7.011189659367073e-10
27	7.168569628297124e-10
28	4.5696535464943234e-10
29	3.0100155987085195e-10
30	2.000947731868009e-10
31	8.403734567346501e-10
32	8.544055627420557e-10
33	5.484620308802476e-10
34	3.702027030623697e-10
35	2.4581850338440464e-10
36	9.485883742200994e-10
37	9.62038109562459e-10
38	6.199211490578207e-10
39	4.280202412863513e-10
40	2.8739012755266827e-10
41	9.79753815627404e-10
42	9.93146206471862e-10
43	6.403561802907694e-10
44	4.4503227614342894e-10
45	3.0023809251869725e-10
46	1.4046407168840015e-09
47	1.406149853721562e-09
48	9.33119643516358e-10
49	6.272050114114445e-10
50	3.7035081003849265e-10
51	1.8781158318142333e-09
52	1.8702503607941916e-09
53	1.25760519374133e-09
54	8.470892128213055e-10
55	4.7965286549553e-10
56	2.0201669987783352e-09
57	2.0106047914613114e-09
58	1.3579862451803972e-09
59	9.183509890921269e-10
60	5.165458108205392e-10
61	2.984541163231815e-09
62	2.9427070159346757e-09
63	1.9910676605510774e-09
64	1.2874912299082185e-09
65	6.55540055831161e-10
66	3.412724295484831e-09
67	3.357362853944247e-09
68	2.273967756289209e-09
69	1.4524304187535279e-09
70	7.165564744615668e-10
71	4.176844854773596e-09
72	4.0837310968690054e-09
73	2.7413493156648524e-09
74	1.6843898812997221e-09
75	7.814007029792999e-10
