#x_axis	Th_all
1	5.800802726868335e-12
2	8.470064450284864e-12
3	8.046410040319957e-12
4	5.770594058757735e-12
5	3.266705363207867e-12
6	5.653914230287887e-12
7	8.5644557805876e-12
8	8.821137474285959e-12
9	6.92713042509273e-12
10	4.17600059173009e-12
11	3.6534546406668e-12
12	5.908764843371884e-12
13	6.919719355098083e-12
14	6.140833644298266e-12
15	3.98950695558353e-12
16	2.243061673960785e-12
17	4.042774831276797e-12
18	5.60913146863915e-12
19	5.636025259880881e-12
20	3.898935708045745e-12
21	1.9326311818668644e-12
22	3.598176166620447e-12
23	5.262141224629942e-12
24	5.485846545365158e-12
25	3.869405290490496e-12
26	3.1032783763624254e-11
27	4.527257239853183e-11
28	4.136671920299291e-11
29	2.720470433146346e-11
30	1.3920086063054508e-11
31	3.6957995989817995e-11
32	5.421756545080796e-11
33	4.979319127730447e-11
34	3.2758349875985595e-11
35	1.6670618735366576e-11
36	4.1006243046265916e-11
37	6.083065640197225e-11
38	5.6692058981975114e-11
39	3.772831790193531e-11
40	1.9275084765564678e-11
41	4.2011368565221625e-11
42	6.25822477093531e-11
43	5.866231206949683e-11
44	3.923549759490325e-11
45	2.00961126128714e-11
46	6.823190425625942e-11
47	9.645591284457379e-11
48	8.240310228557226e-11
49	4.9373790117824075e-11
50	2.3131336223838235e-11
51	9.313886867907896e-11
52	1.3057648047921074e-10
53	1.0941172287067652e-10
54	6.362144736951061e-11
55	2.886574245214293e-11
56	9.99928804189379e-11
57	1.4035205683627242e-10
58	1.1762935113692006e-10
59	6.825955017317902e-11
60	3.082228094591107e-11
61	1.5563253593406337e-10
62	2.110657617285894e-10
63	1.6610988897268584e-10
64	8.85289650250081e-11
65	3.689741966182553e-11
66	1.7865795553571695e-10
67	2.4063254611768985e-10
68	1.8672894464961453e-10
69	9.73460360060575e-11
70	3.955617437775857e-11
71	2.216003903852496e-10
72	2.92442059719297e-10
73	2.186376300966201e-10
74	1.0813185121586023e-10
75	4.1868407553229656e-11
