#x_axis	Th_all
1	1.0677643495717865e-10
2	1.1909245210406585e-10
3	8.268162609370177e-11
4	5.1564860047242186e-11
5	3.140942311761637e-11
6	1.0672156844975324e-10
7	1.2160717946192796e-10
8	8.550369075047776e-11
9	5.88739187808288e-11
10	4.1147854102079946e-11
11	7.924609833392239e-11
12	9.437822778932029e-11
13	6.772140460680581e-11
14	5.190910752432875e-11
15	4.123785076999147e-11
16	5.863273360180443e-11
17	7.436935444309864e-11
18	5.4612425874994983e-11
19	4.727167508119066e-11
20	4.187553066205222e-11
21	5.2869856998004397e-11
22	6.870927256478124e-11
23	5.074160401286529e-11
24	4.5840894850235964e-11
25	4.211970125739126e-11
26	4.3207193327895393e-10
27	4.67115410835485e-10
28	3.356953995771755e-10
29	2.1634881017755195e-10
30	1.1496030264536435e-10
31	4.934193622962139e-10
32	5.35551275271091e-10
33	3.9039356505566697e-10
34	2.5582882739632297e-10
35	1.3475923614656217e-10
36	5.367624837560041e-10
37	5.87428844001178e-10
38	4.3682708556838653e-10
39	2.935177546724573e-10
40	1.5478774783294835e-10
41	5.472157300523441e-10
42	6.00895700167e-10
43	4.500920787061545e-10
44	3.052771038901802e-10
45	1.6133230546869515e-10
46	8.147793345732307e-10
47	8.606392705099599e-10
48	6.034403064451218e-10
49	3.585352485342557e-10
50	1.66258580521202e-10
51	1.0576937530430495e-09
52	1.111183143080153e-09
53	7.749192241217669e-10
54	4.4796738819861607e-10
55	1.963573355392869e-10
56	1.1191462468110147e-09
57	1.1780860934357898e-09
58	8.257999709383548e-10
59	4.780412727981712e-10
60	2.07138843311318e-10
61	1.648872704211431e-09
62	1.6873341246385732e-09
63	1.1182855100718608e-09
64	5.814014125951952e-10
65	2.2444299063191414e-10
66	1.8451089274845597e-09
67	1.8804377191947665e-09
68	1.2356795628395821e-09
69	6.274782216112479e-10
70	2.3325558086219386e-10
71	2.2072591461844704e-09
72	2.2149987354587136e-09
73	1.4067295927745484e-09
74	6.708009200658607e-10
75	2.348763167016407e-10
