#x_axis	Th_all
1	1.7217138154499092e-10
2	1.8544991774900673e-10
3	1.1569233766233074e-10
4	6.422076602758235e-11
5	4.076726137604796e-11
6	1.9480469173891472e-10
7	2.1250967013196884e-10
8	1.2852752110919524e-10
9	7.25851592056782e-11
10	5.3786974926727334e-11
11	1.6641186465509744e-10
12	1.8746425195521824e-10
13	1.1041978749412948e-10
14	6.146608394949446e-11
15	5.1780986257784784e-11
16	1.4765607688430436e-10
17	1.714570502405844e-10
18	9.80990494562707e-11
19	5.401307715357778e-11
20	5.073860457246142e-11
21	1.439523493772991e-10
22	1.6803217561561892e-10
23	9.522262154009785e-11
24	5.146082704776805e-11
25	5.0638758176818476e-11
26	7.149049336604682e-10
27	7.150439321146297e-10
28	4.563326734639207e-10
29	2.987257450173444e-10
30	1.850497715171581e-10
31	8.406276177054354e-10
32	8.382040817711628e-10
33	5.393729890914192e-10
34	3.6063005931738986e-10
35	2.2237073248909911e-10
36	9.364002183083939e-10
37	9.347180649581711e-10
38	6.068829736340328e-10
39	4.1578135993103665e-10
40	2.583529334593442e-10
41	9.62662503198545e-10
42	9.617542464931478e-10
43	6.261476791832617e-10
44	4.324151602832448e-10
45	2.697988964386116e-10
46	1.380900782443395e-09
47	1.3422749250178562e-09
48	8.687922432120298e-10
49	5.574554989726301e-10
50	3.0164361610698193e-10
51	1.8176341975374773e-09
52	1.753033777544034e-09
53	1.1408840419627899e-09
54	7.255690989071749e-10
55	3.729230379106211e-10
56	1.941422688104824e-09
57	1.872141762390553e-09
58	1.2236565812257613e-09
59	7.806677324938166e-10
60	3.9761065881763876e-10
61	2.838877409617215e-09
62	2.6817912005083543e-09
63	1.7165582622646766e-09
64	1.0209249532140158e-09
65	4.62412526564555e-10
66	3.2110687352718893e-09
67	3.020129933316791e-09
68	1.92619697091883e-09
69	1.1258000377316908e-09
70	4.910054583169912e-10
71	3.8748601448458956e-09
72	3.600071988836546e-09
73	2.249789594128638e-09
74	1.2505213964298165e-09
75	5.092412946304944e-10
