#x_axis	Th_all
1	1.299663346860006e-11
2	1.6896398510405127e-11
3	1.3969497294896814e-11
4	9.939680566936247e-12
5	6.592623582097281e-12
6	1.6060083637253097e-11
7	2.024772571369746e-11
8	1.624086738328657e-11
9	1.1903650970327052e-11
10	8.40470342787548e-12
11	1.4695181477154482e-11
12	1.804077201216593e-11
13	1.3823411010187107e-11
14	1.0122516996415827e-11
15	7.534349095820724e-12
16	1.4877645149752964e-11
17	1.806769685890563e-11
18	1.3464323566204577e-11
19	9.692066176395084e-12
20	7.298975278910993e-12
21	1.602420394106775e-11
22	1.9602607419015404e-11
23	1.4612902819494592e-11
24	1.0256444434890835e-11
25	7.518148987985762e-12
26	7.295639205176725e-11
27	9.844832047712254e-11
28	9.030482317213432e-11
29	6.941731799796782e-11
30	4.3794511243342743e-11
31	9.263734032685575e-11
32	1.257415305337388e-10
33	1.1660310275904656e-10
34	8.99941968247139e-11
35	5.636993713387922e-11
36	1.0760786947159738e-10
37	1.4625990651495597e-10
38	1.3657887556953196e-10
39	1.0623754144166327e-10
40	6.672567108965539e-11
41	1.1239787324449051e-10
42	1.527847153114398e-10
43	1.4284481712893797e-10
44	1.1128973241479653e-10
45	6.996865953817106e-11
46	1.8061501864926781e-10
47	2.523852633523655e-10
48	2.3813498623468464e-10
49	1.7841118722127074e-10
50	1.0599766734773866e-10
51	2.6002174626241034e-10
52	3.6677822115318023e-10
53	3.4792235060615723e-10
54	2.582624268645251e-10
55	1.508063412297568e-10
56	2.86518648141521e-10
57	4.050764343490575e-10
58	3.849677188225811e-10
59	2.855152604714356e-10
60	1.6635237436248777e-10
61	4.624730795706612e-10
62	6.590403150143107e-10
63	6.202129407170027e-10
64	4.4335430366074834e-10
65	2.452203762769502e-10
66	5.528118254612829e-10
67	7.892655655258633e-10
68	7.397231441131286e-10
69	5.220156707653923e-10
70	2.833556550293712e-10
71	7.251652379632471e-10
72	1.0354183752746422e-09
73	9.57340179483823e-10
74	6.566063684447997e-10
75	3.444890360018047e-10
