#x_axis	Th_all
1	1.4477625428340972e-10
2	1.6564285360325573e-10
3	1.0870135162865139e-10
4	5.979283015606947e-11
5	3.709872376755414e-11
6	1.7015150847539607e-10
7	1.9414390654110132e-10
8	1.2065068495490976e-10
9	6.423708617201302e-11
10	4.6151574828387535e-11
11	1.495295626021393e-10
12	1.7309047150644214e-10
13	1.0237195249995283e-10
14	5.0338559701843905e-11
15	4.0720269984670524e-11
16	1.378217958400517e-10
17	1.6131585936948158e-10
18	9.106154389423864e-11
19	4.1031933922170645e-11
20	3.729544244202751e-11
21	1.370384801764008e-10
22	1.6057452984165104e-10
23	8.929176708137229e-11
24	3.8684647252949385e-11
25	3.626882321635773e-11
26	6.376776555627225e-10
27	6.817039638332117e-10
28	4.5990402010235146e-10
29	3.088945149803298e-10
30	2.034302484405602e-10
31	7.632668695364651e-10
32	8.123652541564575e-10
33	5.52252706657871e-10
34	3.794755177996472e-10
35	2.5013927072359333e-10
36	8.590876372601752e-10
37	9.12118524788009e-10
38	6.226132736349052e-10
39	4.373873077189607e-10
40	2.9204336949258996e-10
41	8.862503469396951e-10
42	9.40385115191458e-10
43	6.423264413442134e-10
44	4.542039962412892e-10
45	3.048887036743641e-10
46	1.2936014713263526e-09
47	1.36761399364413e-09
48	9.637494834953365e-10
49	6.573603344906597e-10
50	3.882805835263859e-10
51	1.7353854700563517e-09
52	1.8307931614797385e-09
53	1.3080172221101442e-09
54	8.932281261199401e-10
55	5.082831488695906e-10
56	1.8661940269611974e-09
57	1.9687917148465945e-09
58	1.4129491710698611e-09
59	9.686139368455372e-10
60	5.482153766911299e-10
61	2.7847427885772686e-09
62	2.9257372464870812e-09
63	2.1043961993035267e-09
64	1.379934108138266e-09
65	7.120808737552356e-10
66	3.1889952626062505e-09
67	3.347706607699436e-09
68	2.4107374438624674e-09
69	1.5624976564373189e-09
70	7.838479815111137e-10
71	3.9198407255369864e-09
72	4.1006555753521205e-09
73	2.9294142855147306e-09
74	1.8314543244238563e-09
75	8.701025291978719e-10
