#x_axis	Th_all
1	4.0797775949081795e-12
2	5.885729210472164e-12
3	5.527483524470213e-12
4	3.901989797064461e-12
5	2.178443179393709e-12
6	4.145591951678469e-12
7	6.2169124248776195e-12
8	6.300263929803471e-12
9	4.813348273156593e-12
10	2.8339644707136776e-12
11	2.875382049549344e-12
12	4.58568961619906e-12
13	5.188582931531721e-12
14	4.384371463788216e-12
15	2.742840156145847e-12
16	2.0057118765727497e-12
17	3.4731116768547886e-12
18	4.448936999209833e-12
19	4.124681968317364e-12
20	2.707945738590716e-12
21	1.8321613853465513e-12
22	3.2259067145172533e-12
23	4.2609908395842315e-12
24	4.04793230508601e-12
25	2.6966661499582284e-12
26	2.1858070129636376e-11
27	3.132802419371456e-11
28	2.8040935627723787e-11
29	1.8066988211056473e-11
30	9.165302687508405e-12
31	2.6211827403438516e-11
32	3.773835521849731e-11
33	3.387983472347908e-11
34	2.1790050430287047e-11
35	1.0981482223222126e-11
36	2.9280742282007335e-11
37	4.259542433923888e-11
38	3.873408096589942e-11
39	2.5153962428463884e-11
40	1.2719751152440654e-11
41	3.00758085026375e-11
42	4.3921009137315164e-11
43	4.0143822572197025e-11
44	2.6183466717767e-11
45	1.3272084110457989e-11
46	4.804222396614926e-11
47	6.648986640165505e-11
48	5.54523389394621e-11
49	3.2543356893716646e-11
50	1.5187305406011836e-11
51	6.567905835452525e-11
52	9.002566203982724e-11
53	7.351575242471174e-11
54	4.182893298655321e-11
55	1.8916990705501904e-11
56	7.06594394707714e-11
57	9.692192926837293e-11
58	7.910448576176337e-11
59	4.488269077300134e-11
60	2.0191517601371275e-11
61	1.0931206217867145e-10
62	1.4462157847361108e-10
63	1.1065201226264782e-10
64	5.756321056089201e-11
65	2.385220322882815e-11
66	1.2565096481516177e-10
67	1.6494474668562195e-10
68	1.242577816484248e-10
69	6.310386994453736e-11
70	2.5427255852941623e-11
71	1.5579091532324171e-10
72	2.0010062124142652e-10
73	1.4497044558292776e-10
74	6.969647282675704e-11
75	2.6756760509110158e-11
