#x_axis	Th_all
1	2.335810074204502e-10
2	2.7031212085617676e-10
3	1.7899677802645865e-10
4	9.700367898893669e-11
5	5.812129761762429e-11
6	2.5884041443084586e-10
7	3.020090747054932e-10
8	1.8915814511745156e-10
9	9.588535604998544e-11
10	6.644402057723008e-11
11	2.1472060816001788e-10
12	2.5778675224764757e-10
13	1.53242721016951e-10
14	6.878181381750717e-11
15	5.474599751209625e-11
16	1.8493407516997079e-10
17	2.2847980356785816e-10
18	1.2820054934896163e-10
19	4.940069723295193e-11
20	4.642097753712545e-11
21	1.7860661366776763e-10
22	2.228465439324747e-10
23	1.219373985321887e-10
24	4.43949818833772e-11
25	4.340573521799145e-11
26	9.90225384567623e-10
27	1.0638061929961936e-09
28	7.06525580845949e-10
29	4.6109023390744084e-10
30	3.041966285321248e-10
31	1.1616113807472642e-09
32	1.242129845132067e-09
33	8.281967734291635e-10
34	5.540768272481266e-10
35	3.6968079592569693e-10
36	1.2875503504906464e-09
37	1.3740525556199096e-09
38	9.179883869094927e-10
39	6.296573335267924e-10
40	4.29249048623177e-10
41	1.3210029305772556e-09
42	1.4093176406943886e-09
43	9.417125644333393e-10
44	6.509764890637302e-10
45	4.474647057782657e-10
46	1.9492972762773842e-09
47	2.0583212832190986e-09
48	1.4184649281362216e-09
49	9.503931482092578e-10
50	5.689121316477594e-10
51	2.579277233636898e-09
52	2.7126692482316906e-09
53	1.8935185617507593e-09
54	1.2766311855788998e-09
55	7.385609829292694e-10
56	2.753597099271844e-09
57	2.8954011602976315e-09
58	2.030072741479829e-09
59	1.3769569569022252e-09
60	7.93578879106061e-10
61	4.099689438274832e-09
62	4.2785395349873116e-09
63	3.006799849530445e-09
64	1.954901835081013e-09
65	1.0238040474643481e-09
66	4.651836391614363e-09
67	4.847915550405488e-09
68	3.4133123470257286e-09
69	2.1999914179403386e-09
70	1.1218601485086882e-09
71	5.665753415576867e-09
72	5.8791861705168484e-09
73	4.113702600246081e-09
74	2.567688873285152e-09
75	1.244700342361335e-09
