#x_axis	Th_all
1	1.5025988195335905e-12
2	2.3536629767117663e-12
3	2.2445643994745113e-12
4	1.535831891324899e-12
5	8.331377331266355e-13
6	1.3482025217980795e-12
7	2.3071072696489544e-12
8	2.4623282363303717e-12
9	1.8741411611162018e-12
10	1.0934688528744368e-12
11	7.398726225553037e-13
12	1.5449656745631206e-12
13	1.990203367860642e-12
14	1.7329233094295875e-12
15	1.089234014888233e-12
16	2.8755702026794376e-13
17	9.862167868297664e-13
18	1.657180339688141e-12
19	1.6477386579351295e-12
20	1.0998679936417275e-12
21	1.6835732465100394e-13
22	8.331282433299364e-13
23	1.560961353780943e-12
24	1.6213315969919171e-12
25	1.1036282170659843e-12
26	7.942290795243952e-12
27	1.192968558469424e-11
28	1.0544885656106874e-11
29	6.496639683299436e-12
30	3.138241758477988e-12
31	9.298069318778039e-12
32	1.4067015719064664e-11
33	1.251570261975627e-11
34	7.723589478192686e-12
35	3.700121087361789e-12
36	1.0195287654330922e-11
37	1.567501090626451e-11
38	1.4197751929898958e-11
39	8.878714830672594e-12
40	4.2569989838808925e-12
41	1.0400744038342827e-11
42	1.609544975817684e-11
43	1.468636509056992e-11
44	9.23889925271351e-12
45	4.437232239892457e-12
46	1.69677114867356e-11
47	2.412352361981486e-11
48	1.9564004422585866e-11
49	1.0795051534841056e-11
50	4.71022652267871e-12
51	2.2879618121806305e-11
52	3.207480393916722e-11
53	2.5370520467430027e-11
54	1.3483100875239263e-11
55	5.6474326797744015e-12
56	2.44214074230539e-11
57	3.429033616442104e-11
58	2.7138154852782195e-11
59	1.4385635839301547e-11
60	5.978704541850253e-12
61	3.7764106034741514e-11
62	5.0406285239697934e-11
63	3.6821323112151735e-11
64	1.752402576487639e-11
65	6.644558610560051e-12
66	4.297784015633025e-11
67	5.6845095639861287e-11
68	4.0840535889375085e-11
69	1.8914998535673656e-11
70	6.95463315846907e-12
71	5.2738674803248436e-11
72	6.791255534342515e-11
73	4.6663175592294135e-11
74	2.0247857540777912e-11
75	7.066394994713053e-12
