#x_axis	Th_all
1	1.1020135364391836e-10
2	1.2770602179777498e-10
3	8.284886243634852e-11
4	4.276661626799567e-11
5	2.5551739896073142e-11
6	1.4082413979594263e-10
7	1.6124936070353673e-10
8	9.832492166990069e-11
9	4.768955302314469e-11
10	3.2465780642179606e-11
11	1.3381909990103669e-10
12	1.544330531226793e-10
13	9.072964695066121e-11
14	4.000179349430312e-11
15	2.877892761638809e-11
16	1.3385458031255553e-10
17	1.5507863546526468e-10
18	8.894746916776535e-11
19	3.6350393629476934e-11
20	2.702738340161742e-11
21	1.3760084055024836e-10
22	1.5933616446017052e-10
23	9.124457477833184e-11
24	3.652077074449594e-11
25	2.6775452486297448e-11
26	5.070555740668764e-10
27	5.394371114737612e-10
28	3.5153723145602743e-10
29	2.3246003326905583e-10
30	1.6306349814442694e-10
31	6.237341609482663e-10
32	6.591271826769862e-10
33	4.333285536470957e-10
34	2.9510810303548106e-10
35	2.0725680829540495e-10
36	7.168593208532614e-10
37	7.53754907054812e-10
38	4.960130704660337e-10
39	3.4470815756860786e-10
40	2.4494354272810286e-10
41	7.455302149684944e-10
42	7.82820798352894e-10
43	5.14892954574202e-10
44	3.595022258989656e-10
45	2.5641933284288043e-10
46	1.0717930009657052e-09
47	1.130925061555128e-09
48	7.909449914810734e-10
49	5.571987295346441e-10
50	3.548393530625058e-10
51	1.46670598000962e-09
52	1.5470433489682517e-09
53	1.1062710508223123e-09
54	7.884769444388149e-10
55	4.85724413904462e-10
56	1.5942476633503345e-09
57	1.6814696799105371e-09
58	1.2089186438692744e-09
59	8.652554610523389e-10
60	5.29962757515848e-10
61	2.3969914352970996e-09
62	2.5393924227367737e-09
63	1.8687842010043366e-09
64	1.309235855466744e-09
65	7.416793761777575e-10
66	2.7870885145705347e-09
67	2.957207873976186e-09
68	2.1902935613660173e-09
69	1.5223572338696774e-09
70	8.402321234641557e-10
71	3.490791174884021e-09
72	3.712428131971427e-09
73	2.757645747000627e-09
74	1.863086775787901e-09
75	9.751289326769063e-10
