#x_axis	Th_all
1	2.5511959896854096e-13
2	4.403448394166043e-13
3	4.733249818311776e-13
4	3.7042965344832167e-13
5	2.2889253324403003e-13
6	3.06658090499262e-13
7	5.448808027620888e-13
8	6.076844635224276e-13
9	4.934141078528637e-13
10	3.1435551033894326e-13
11	2.6660633940908395e-13
12	4.838621946209523e-13
13	5.548926548476792e-13
14	4.635315713559242e-13
15	3.0280830084626623e-13
16	2.80418672111669e-13
17	5.032143631568161e-13
18	5.710831382761616e-13
19	4.736273900621365e-13
20	3.0793737947182654e-13
21	3.256468400636772e-13
22	5.648074224485684e-13
23	6.169381106503449e-13
24	4.95340691152669e-13
25	3.151521151301496e-13
26	1.9605228344552954e-12
27	3.30006794091341e-12
28	3.4006227829090443e-12
29	2.524435346165559e-12
30	1.4747504460302251e-12
31	2.588739319481279e-12
32	4.3452933537454935e-12
33	4.455803007276938e-12
34	3.2856853621642306e-12
35	1.9043398425615406e-12
36	3.0680482704172795e-12
37	5.160695736285315e-12
38	5.301955463388417e-12
39	3.913364437798977e-12
40	2.267140856788581e-12
41	3.2272810099391087e-12
42	5.426743999488213e-12
43	5.5726327561626315e-12
44	4.110864864733537e-12
45	2.380505056417902e-12
46	5.495710414998803e-12
47	8.934479780502088e-12
48	8.76479360187758e-12
49	6.149911725514504e-12
50	3.4068689093868058e-12
51	8.181155269226064e-12
52	1.3167711530418045e-11
53	1.2733834493959069e-11
54	8.788383044220673e-12
55	4.797031087933854e-12
56	9.111627709536375e-12
57	1.4636198817253372e-11
58	1.4114571693204359e-11
59	9.712850743118606e-12
60	5.2929446571329744e-12
61	1.511229576449892e-11
62	2.3718548906471204e-11
63	2.211956737413825e-11
64	1.4596184923626144e-11
65	7.577438067583752e-12
66	1.8314638923834487e-11
67	2.8510277798774082e-11
68	2.6264525870889863e-11
69	1.7050883570964036e-11
70	8.669981360560351e-12
71	2.4410399128387392e-11
72	3.7306525363754835e-11
73	3.34389433766282e-11
74	2.0934248863342473e-11
75	1.018456839673286e-11
