#x_axis	Th_all
1	2.1809173673581543e-11
2	2.6041652062398943e-11
3	2.0801944114757887e-11
4	1.442421484403178e-11
5	8.538899417908163e-12
6	2.381446044993985e-11
7	2.868669826466595e-11
8	2.3920301696110703e-11
9	1.8187277807128784e-11
10	1.1408555213481938e-11
11	1.901558122425189e-11
12	2.3170023824629862e-11
13	2.0187135526766978e-11
14	1.691801099547875e-11
15	1.1368926965227435e-11
16	1.5812803069212355e-11
17	1.9481301127945953e-11
18	1.7716561481555155e-11
19	1.6201423843946536e-11
20	1.1481202867740216e-11
21	1.5182529583839078e-11
22	1.8677544926760542e-11
23	1.7071505219035363e-11
24	1.5978246615090358e-11
25	1.1513886866754019e-11
26	1.0206172998939176e-10
27	1.2286464991593109e-10
28	1.004260316999928e-10
29	6.560686723215322e-11
30	3.307469939263577e-11
31	1.214806777071001e-10
32	1.4687367526200983e-10
33	1.2098641933972367e-10
34	7.896299878784756e-11
35	3.920923603884246e-11
36	1.358460857698675e-10
37	1.6544160990727268e-10
38	1.3827401056169237e-10
39	9.119601248517891e-11
40	4.512465561900726e-11
41	1.3971845906943595e-10
42	1.7059245876163408e-10
43	1.4332960627281472e-10
44	9.496995725874527e-11
45	4.7014519290722034e-11
46	2.1035729027078265e-10
47	2.4935875113824263e-10
48	1.944000213930018e-10
49	1.1462838951758658e-10
50	5.1872133333085064e-11
51	2.82514564722303e-10
52	3.334196264013242e-10
53	2.5603689121600283e-10
54	1.4571499066014426e-10
55	6.333377185664329e-11
56	3.031090806144844e-10
57	3.581426759501244e-10
58	2.7522951161038415e-10
59	1.5606082217831638e-10
60	6.732188337952377e-11
61	4.5536222911367047e-10
62	5.250354245586007e-10
63	3.8026768081412096e-10
64	1.9587604535849316e-10
65	7.741884802178071e-11
66	5.196065765538195e-10
67	5.959960379233642e-10
68	4.255908036967507e-10
69	2.1337850573034387e-10
70	8.183890823522323e-11
71	6.356270925337501e-10
72	7.171693677562315e-10
73	4.927249104160898e-10
74	2.32284728179131e-10
75	8.448305774750252e-11
