#x_axis	Th_all
1	1.8788600326462184e-12
2	3.0623647986427487e-12
3	3.127031081544179e-12
4	2.3236091906556843e-12
5	1.3586042349516717e-12
6	1.7739502816561007e-12
7	3.052413353557365e-12
8	3.3794639081013896e-12
9	2.7292987166741777e-12
10	1.707471203464295e-12
11	1.0276337902680086e-12
12	1.9799084554254705e-12
13	2.5266038824430257e-12
14	2.300082500611281e-12
15	1.5611335346489827e-12
16	5.248066488430192e-13
17	1.2573431769826802e-12
18	1.9567654059819437e-12
19	2.0212662323527682e-12
20	1.4735801811420462e-12
21	4.4126955185875566e-13
22	1.1185059824673378e-12
23	1.827372402753489e-12
24	1.946566611908555e-12
25	1.4476638982592329e-12
26	1.1456305441056129e-11
27	1.8309851817065345e-11
28	1.7811712516641078e-11
29	1.2332505473711717e-11
30	6.661554572531541e-12
31	1.3896336628930579e-11
32	2.2292350389659936e-11
33	2.1746101311399574e-11
34	1.505793084829481e-11
35	8.100588633445333e-12
36	1.5527988387883564e-11
37	2.5171456203042693e-11
38	2.485975927761479e-11
39	1.7399415774211473e-11
40	9.415157175754188e-12
41	1.5940225390864514e-11
42	2.5939959203971393e-11
43	2.5741140791718092e-11
44	1.8096431984325386e-11
45	9.822025591930184e-12
46	2.713928776084533e-11
47	4.171707273366222e-11
48	3.808593365349524e-11
49	2.4353560945637105e-11
50	1.2156560401648889e-11
51	3.790167223302692e-11
52	5.7672906978045273e-11
53	5.172842246555297e-11
54	3.227897338175121e-11
55	1.568528978536143e-11
56	4.0953491612211503e-11
57	6.234452298237844e-11
58	5.590107719602187e-11
59	3.4823499956987875e-11
60	1.6861443260574876e-11
61	6.550718004214228e-11
62	9.63184467624777e-11
63	8.179099786459142e-11
64	4.748967203699331e-11
65	2.1387881141806026e-11
66	7.610623933160287e-11
67	1.1105462541375981e-10
68	9.309030809923292e-11
69	5.3042339572354924e-11
70	2.3351484227273317e-11
71	9.614826704954741e-11
72	1.374287123748162e-10
73	1.1147501742726248e-10
74	6.07939749020135e-11
75	2.5637314753631618e-11
