#x_axis	Th_all
1	2.0099683527118288e-11
2	2.4687536059660806e-11
3	1.8714405681422748e-11
4	1.2436890230657566e-11
5	8.273657683044152e-12
6	2.533979168721925e-11
7	3.0284664425746205e-11
8	2.2087597930750162e-11
9	1.507836086494293e-11
10	1.0877862765274741e-11
11	2.3684853380052936e-11
12	2.7797965352826066e-11
13	1.9321053126809394e-11
14	1.301802643437231e-11
15	9.983664865934933e-12
16	2.3973974144920944e-11
17	2.7903838825447906e-11
18	1.8832128723014147e-11
19	1.240694645508672e-11
20	9.72652813121459e-12
21	2.534309787228114e-11
22	2.960195861979297e-11
23	1.9965732587177468e-11
24	1.2867849753621454e-11
25	9.890597989636707e-12
26	1.0523412397278755e-10
27	1.3090455328503576e-10
28	1.1076698044752198e-10
29	8.320465018894883e-11
30	5.2861749478628604e-11
31	1.3246758598948656e-10
32	1.6545860118209833e-10
33	1.418870372041239e-10
34	1.0738549928078047e-10
35	6.756842766892708e-11
36	1.5362860774466456e-10
37	1.9195693123208684e-10
38	1.6587575251213614e-10
39	1.2682308168175776e-10
40	7.997215464832363e-11
41	1.603307184186052e-10
42	2.0030333800663249e-10
43	1.73331157070569e-10
44	1.328301051259123e-10
45	8.385239855100698e-11
46	2.4758917114213645e-10
47	3.179526428750179e-10
48	2.8082835199337757e-10
49	2.0672574091784412e-10
50	1.2165216023321465e-10
51	3.510971183662497e-10
52	4.55179020548086e-10
53	4.058800077842199e-10
54	2.9610030592243155e-10
55	1.703098373686592e-10
56	3.855016137203115e-10
57	5.009439903458301e-10
58	4.479679303833908e-10
59	3.2657895572441957e-10
60	1.8719542198555176e-10
61	6.078013803681596e-10
62	7.973834672867475e-10
63	7.089783520323757e-10
64	4.960581173752684e-10
65	2.672018709705156e-10
66	7.206566043870169e-10
67	9.477969762480082e-10
68	8.401783718953805e-10
69	5.793599293576012e-10
70	3.0510607019788876e-10
71	9.31710926393894e-10
72	1.2270442052564303e-09
73	1.074006908239081e-09
74	7.16945500423141e-10
75	3.6285590630199473e-10
