#x_axis	Th_all
1	7.742355881729794e-11
2	8.893184713860458e-11
3	6.185247404062697e-11
4	3.8313007308318395e-11
5	2.4687377063342773e-11
6	8.814982803851338e-11
7	1.0036098704320537e-10
8	6.727875882146044e-11
9	4.3251708674823395e-11
10	3.1729664423777064e-11
11	7.462167548020065e-11
12	8.503618024824174e-11
13	5.424008953876877e-11
14	3.518746562307198e-11
15	2.931570280995832e-11
16	6.627556283787696e-11
17	7.548948172198202e-11
18	4.566455369540353e-11
19	2.9787853368376016e-11
20	2.792747401588758e-11
21	6.517965943085455e-11
22	7.407208345106332e-11
23	4.3845681640268384e-11
24	2.8312356659969635e-11
25	2.7504932184942423e-11
26	3.4807220657083906e-10
27	3.889664287232927e-10
28	2.9046792290073543e-10
29	2.0292482821140276e-10
30	1.2280398264967462e-10
31	4.1554548056691734e-10
32	4.642635424647868e-10
33	3.505560006792158e-10
34	2.483457899572443e-10
35	1.4923271819028674e-10
36	4.659661705859273e-10
37	5.209336043556452e-10
38	3.9740931119608787e-10
39	2.8702036607969986e-10
40	1.7348590039929763e-10
41	4.799175202964716e-10
42	5.366427089564341e-10
43	4.105801098404266e-10
44	2.984577101787685e-10
45	1.8100795179150348e-10
46	7.147264598016626e-10
47	7.983066057188082e-10
48	6.08792928790315e-10
49	4.095925637656457e-10
50	2.209430500239384e-10
51	9.610889282972034e-10
52	1.0741160162353272e-09
53	8.239209358506387e-10
54	5.467254634340557e-10
55	2.835084446037454e-10
56	1.0327482348129822e-09
57	1.1552981165923278e-09
58	8.894935957242695e-10
59	5.90769129390556e-10
60	3.043911921190648e-10
61	1.5529874642513494e-09
62	1.7275775075363673e-09
63	1.3057847686854406e-09
64	8.13208979397063e-10
65	3.829309306677143e-10
66	1.7780867902635858e-09
67	1.975934800483816e-09
68	1.4876516121572511e-09
69	9.108490132719568e-10
70	4.170098941447067e-10
71	2.187438306849469e-09
72	2.417150437102699e-09
73	1.7865827966375583e-09
74	1.047247317795216e-09
75	4.5555699501692766e-10
