#x_axis	Th_all
1	2.2407807735621984e-10
2	2.3984130854941344e-10
3	1.541211282827954e-10
4	8.897046459299542e-11
5	5.378135672436869e-11
6	2.1502384494371032e-10
7	2.4056411014235685e-10
8	1.5594950505598845e-10
9	9.722600694310478e-11
10	6.987205067719573e-11
11	1.5526654484064824e-10
12	1.8891146073866956e-10
13	1.2544478450092453e-10
14	8.507177385214645e-11
15	7.08940179848188e-11
16	1.0931045837674227e-10
17	1.5033792202295206e-10
18	1.0265307917684283e-10
19	7.689849972919448e-11
20	7.268670405594845e-11
21	9.57434056208878e-11
22	1.390207927592036e-10
23	9.586555665667034e-11
24	7.444799453296345e-11
25	7.337767510610914e-11
26	8.430055781062932e-10
27	8.512769647557354e-10
28	5.528840556724015e-10
29	3.4357315138277586e-10
30	1.8844182916174507e-10
31	9.438395590907685e-10
32	9.57898877149035e-10
33	6.314646206295641e-10
34	4.0279633796166384e-10
35	2.2083011730383345e-10
36	1.0138105516573066e-09
37	1.0400594158325277e-09
38	7.002597206603703e-10
39	4.614820655552176e-10
40	2.545241985819733e-10
41	1.0297786142472527e-09
42	1.0613219570078229e-09
43	7.201747138950958e-10
44	4.801232450794302e-10
45	2.6571835309631346e-10
46	1.5192115468676462e-09
47	1.4796254650148437e-09
48	9.389471154138184e-10
49	5.475614539964837e-10
50	2.607235662535707e-10
51	1.9381811351597627e-09
52	1.8711963125907675e-09
53	1.1837406613300513e-09
54	6.763960029875949e-10
55	3.0224165548656037e-10
56	2.037341195786697e-09
57	1.971733346000899e-09
58	1.2561008916238048e-09
59	7.212976941915564e-10
60	3.1793071339754486e-10
61	2.9675955380771272e-09
62	2.7642848057511363e-09
63	1.6598163936660887e-09
64	8.508991859953218e-10
65	3.277190043893065e-10
66	3.288458658844463e-09
67	3.0483408875197075e-09
68	1.8184602846381824e-09
69	9.126715981454063e-10
70	3.3598317035518724e-10
71	3.889370424442802e-09
72	3.5393183099090687e-09
73	2.039951331105145e-09
74	9.590065619074758e-10
75	3.2958123600824376e-10
