#x_axis	Th_all
1	3.7212521890413516e-13
2	6.448830910610356e-13
3	6.849461013545904e-13
4	5.231244288518711e-13
5	3.130670671892749e-13
6	3.881166346373082e-13
7	7.113157686799828e-13
8	8.079534377161919e-13
9	6.585559541014435e-13
10	4.149551196154981e-13
11	2.662819789654077e-13
12	5.324442114188062e-13
13	6.62671935156272e-13
14	5.839425004452285e-13
15	3.8946079707861214e-13
16	2.0348351118465344e-13
17	4.392961453664345e-13
18	5.870135586619114e-13
19	5.464698296779552e-13
20	3.7851696299354233e-13
21	2.1216333954363388e-13
22	4.4525796538227656e-13
23	5.847709690281084e-13
24	5.413856341837401e-13
25	3.759741301981267e-13
26	2.5922461448336256e-12
27	4.3206775589753e-12
28	4.328401860034552e-12
29	3.0711747183540097e-12
30	1.6952269551762326e-12
31	3.269309500285601e-12
32	5.445981254615457e-12
33	5.4432032228228714e-12
34	3.843403006393174e-12
35	2.1046913768290086e-12
36	3.753044530349675e-12
37	6.292818242188439e-12
38	6.333643154090385e-12
39	4.495914169942155e-12
40	2.4658165592377367e-12
41	3.8922839452730464e-12
42	6.539609253808919e-12
43	6.597368625153477e-12
44	4.69271160898707e-12
45	2.5768021910108022e-12
46	6.619361654092515e-12
47	1.052990772119425e-11
48	9.877024832510918e-12
49	6.478714657540298e-12
50	3.3107436579658262e-12
51	9.500694760486496e-12
52	1.4920755127327206e-11
53	1.3730018174087661e-11
54	8.788453825215351e-12
55	4.380012557796069e-12
56	1.0396584583076273e-11
57	1.6307242111471164e-11
58	1.4972279557667073e-11
59	9.551807994525422e-12
60	4.7427362220678215e-12
61	1.684198754927363e-11
62	2.5549394458777675e-11
63	2.2351295587949614e-11
64	1.3423578263641774e-11
65	6.268307516594275e-12
66	1.989922545349948e-11
67	2.991356712601595e-11
68	2.5807052665392783e-11
69	1.5209879521906137e-11
70	6.953436023859901e-12
71	2.563641931659063e-11
72	3.771057615173084e-11
73	3.1496252603015244e-11
74	1.7792596526242315e-11
75	7.785781810873986e-12
