#x_axis	Th_all
1	7.346299169611918e-11
2	8.455387087661079e-11
3	5.523949147932175e-11
4	2.9942447688623814e-11
5	1.8825927696669984e-11
6	9.444091668952576e-11
7	1.0688657089645584e-10
8	6.579248798071259e-11
9	3.467353845390953e-11
10	2.4943667541346378e-11
11	9.024779493635845e-11
12	1.0233103043355922e-10
13	6.039085409106221e-11
14	2.964372710607211e-11
15	2.2851982182835645e-11
16	9.101837807364923e-11
17	1.0324855737508406e-10
18	5.937549142891252e-11
19	2.755355349835317e-11
20	2.2095884728989982e-11
21	9.409036607108065e-11
22	1.0668134184164848e-10
23	6.12687030692865e-11
24	2.788401120519127e-11
25	2.208019397395381e-11
26	3.4416710681837154e-10
27	3.707550599424809e-10
28	2.5360224751916e-10
29	1.7539908048017788e-10
30	1.2020014332399594e-10
31	4.2584966707486846e-10
32	4.56869779533982e-10
33	3.165596479904134e-10
34	2.2436600881966396e-10
35	1.5286657904599758e-10
36	4.911602096803442e-10
37	5.249631041035124e-10
38	3.653332781718922e-10
39	2.637601487723593e-10
40	1.8086006323627455e-10
41	5.114944170755813e-10
42	5.460949691614562e-10
43	3.8020589930220544e-10
44	2.7566089254773856e-10
45	1.894303888386367e-10
46	7.405909422499906e-10
47	8.000126708702921e-10
48	5.877556491629986e-10
49	4.2057374138957103e-10
50	2.5909740193043747e-10
51	1.0203454304522577e-09
52	1.1052294655792247e-09
53	8.289680082667167e-10
54	5.950841234351005e-10
55	3.539364660761739e-10
56	1.1118817834978697e-09
57	1.2051971867464745e-09
58	9.086241228323066e-10
59	6.536226008698439e-10
60	3.8619512970995247e-10
61	1.6827771625857315e-09
62	1.8370555280648374e-09
63	1.4082731047239442e-09
64	9.827171838970544e-10
65	5.385408847192625e-10
66	1.9646919197783905e-09
67	2.149687205053638e-09
68	1.654884727251808e-09
69	1.142105690083817e-09
70	6.098967271784326e-10
71	2.47474396805221e-09
72	2.715210469841809e-09
73	2.0866484468603305e-09
74	1.3940449021036495e-09
75	7.066908601047498e-10
