#x_axis	Th_all
1	9.231658731453991e-12
2	1.2473736653870575e-11
3	1.0955927819727337e-11
4	7.331521216885622e-12
5	3.898852937003504e-12
6	8.477206677698758e-12
7	1.208790189265734e-11
8	1.1818829299515436e-11
9	8.870962340393412e-12
10	5.034637442761613e-12
11	5.233042786375187e-12
12	8.3177080874913e-12
13	9.641200019640088e-12
14	8.339285541483486e-12
15	5.068380541478941e-12
16	2.769948162932517e-12
17	5.5055181031536785e-12
18	8.075628670588315e-12
19	8.041798197967741e-12
20	5.157630139311884e-12
21	2.074147867768387e-12
22	4.694883715265859e-12
23	7.610514308306426e-12
24	7.953496538947432e-12
25	5.192114806965786e-12
26	4.2478628790123284e-11
27	5.674940962070431e-11
28	4.7295339724798366e-11
29	2.823216338070538e-11
30	1.3181198939764116e-11
31	4.8765175580551e-11
32	6.576061157702817e-11
33	5.5420174204877914e-11
34	3.3222753381434114e-11
35	1.5399987497803683e-11
36	5.2954779345412854e-11
37	7.258674968727313e-11
38	6.252245654205137e-11
39	3.807118290418837e-11
40	1.766301309429716e-11
41	5.389068574363834e-11
42	7.434734476999799e-11
43	6.460255885559232e-11
44	3.960865481504669e-11
45	1.8407551309991824e-11
46	8.485870870166965e-11
47	1.0906450888748406e-10
48	8.380413520115355e-11
49	4.4566833210161095e-11
50	1.885151319425925e-11
51	1.1198809648904619e-10
52	1.4259198909633493e-10
53	1.0703913712230265e-10
54	5.469181498318659e-11
55	2.2177256677845445e-11
56	1.1876491242014564e-10
57	1.5165062562185816e-10
58	1.1409190617595376e-10
59	5.818633400106213e-11
60	2.338896740759997e-11
61	1.7980318637040047e-10
62	2.1934814034936364e-10
63	1.5137346380570083e-10
64	6.836668675094427e-11
65	2.4980988572540114e-11
66	2.0246175152547646e-10
67	2.452781089814409e-10
68	1.6657481067137742e-10
69	7.308132416055361e-11
70	2.5833019543665612e-11
71	2.4493339955558925e-10
72	2.89699819695008e-10
73	1.8775594594037274e-10
74	7.66689331658289e-11
75	2.5728066064338308e-11
