#x_axis	Th_all
1	1.174923885169177e-10
2	1.3058977258811255e-10
3	9.020906362075761e-11
4	5.578623196189376e-11
5	3.370530293670984e-11
6	1.1469025820019507e-10
7	1.308851428270774e-10
8	9.189032733438537e-11
9	6.292177818294059e-11
10	4.381860410810442e-11
11	8.303780332488874e-11
12	1.0002260213735912e-10
13	7.219427732144332e-11
14	5.541930286916707e-11
15	4.3980837262450105e-11
16	5.898357580482138e-11
17	7.706809488996719e-11
18	5.756100497669751e-11
19	5.0411707273655904e-11
20	4.471983915188625e-11
21	5.208038982581655e-11
22	7.043979981635417e-11
23	5.320839083908852e-11
24	4.889009498175438e-11
25	4.5017620335741385e-11
26	4.661102635904201e-10
27	5.010136528347643e-10
28	3.5628986598569673e-10
29	2.2708068329637025e-10
30	1.1980539790848112e-10
31	5.28119689552016e-10
32	5.703436063097236e-10
33	4.1179120469245205e-10
34	2.674246552345395e-10
35	1.4013700487212635e-10
36	5.712468246782066e-10
37	6.227420439846775e-10
38	4.593416423442928e-10
39	3.06459548403753e-10
40	1.6093454970615338e-10
41	5.813166628643256e-10
42	6.361697421774303e-10
43	4.729457376129788e-10
44	3.18713330223129e-10
45	1.6776941090250168e-10
46	8.679254024293722e-10
47	9.097381581745009e-10
48	6.299102101490701e-10
49	3.7030216361699737e-10
50	1.708809445222493e-10
51	1.120688249916008e-09
52	1.1679750426856006e-09
53	8.043413146987785e-10
54	4.602302516532239e-10
55	2.0059133889084143e-10
56	1.1827978672135142e-09
57	1.235558856766515e-09
58	8.557697943309733e-10
59	4.906468380362443e-10
60	2.112560470688987e-10
61	1.7406101746418843e-09
62	1.7634005633088562e-09
63	1.1510493352811042e-09
64	5.90550762268136e-10
65	2.2619708469185032e-10
66	1.9414150169410144e-09
67	1.9588070432850968e-09
68	1.2680589151216794e-09
69	6.355679116351303e-10
70	2.341707668409062e-10
71	2.3152267149717485e-09
72	2.2987011326313924e-09
73	1.4372612072797488e-09
74	6.761104099784703e-10
75	2.3499877413379263e-10
