#x_axis	Th_all
1	2.017579009031851e-11
2	2.33757422783244e-11
3	1.725158935445332e-11
4	1.1730047563035817e-11
5	7.75154329757621e-12
6	2.5432535452238882e-11
7	2.8966032052632085e-11
8	2.11513677136684e-11
9	1.524490834083748e-11
10	1.0785015432684343e-11
11	2.373722987364034e-11
12	2.6697073617712305e-11
13	1.895814646917243e-11
14	1.3978764677306244e-11
15	1.050821859725091e-11
16	2.3682919338580984e-11
17	2.6402151144208705e-11
18	1.8326156047259572e-11
19	1.3583814377249063e-11
20	1.0560371099257443e-11
21	2.459518170318749e-11
22	2.7349938315981715e-11
23	1.8768841305022857e-11
24	1.3668235949133965e-11
25	1.0602273205600507e-11
26	1.0155065324714331e-10
27	1.1920938718514386e-10
28	9.753528753879057e-11
29	7.092611447215882e-11
30	4.190030714578231e-11
31	1.2677750861718033e-10
32	1.4938550537118386e-10
33	1.2361855027725705e-10
34	9.003326216338744e-11
35	5.232229113656e-11
36	1.4667374767476224e-10
37	1.7316068817822318e-10
38	1.4460075048842107e-10
39	1.0615368050333136e-10
40	6.146947939223279e-11
41	1.5284892193962053e-10
42	1.8048980182530997e-10
43	1.5100504495372127e-10
44	1.1107991572547104e-10
45	6.428950075813474e-11
46	2.284000937011574e-10
47	2.7245462370881113e-10
48	2.2604777294929461e-10
49	1.5521907721033103e-10
50	8.266807559873979e-11
51	3.1874988692695866e-10
52	3.8191773071267233e-10
53	3.1721062356360363e-10
54	2.133773407520956e-10
55	1.0996424807439733e-10
56	3.4836698729377827e-10
57	4.1795482476225896e-10
58	3.4755482086106536e-10
59	2.3301640677808744e-10
60	1.193466536550214e-10
61	5.355499096223964e-10
62	6.424700415695144e-10
63	5.238389703796768e-10
64	3.3213570726000053e-10
65	1.5932477528036444e-10
66	6.282599196404568e-10
67	7.533900848120944e-10
68	6.099062531978283e-10
69	3.7929752221996715e-10
70	1.7762982281601926e-10
71	7.964841406036267e-10
72	9.50448615297644e-10
73	7.526207440596462e-10
74	4.478156783302437e-10
75	1.9962224028674004e-10
