#x_axis	Th_all
1	4.3180735665140827e-11
2	5.111326535037672e-11
3	3.557700037766831e-11
4	2.1277840919822395e-11
5	1.3901766630129497e-11
6	5.460858447779847e-11
7	6.315744035459049e-11
8	4.15599075269084e-11
9	2.4852397608897854e-11
10	1.8252724110811235e-11
11	5.128570057058483e-11
12	5.881618851317425e-11
13	3.667309291725825e-11
14	2.089043584492482e-11
15	1.658954996605369e-11
16	5.134537710966406e-11
17	5.860825268991679e-11
18	3.5301638368412414e-11
19	1.9234155095991973e-11
20	1.5964304350774823e-11
21	5.335394983214651e-11
22	6.096188916653824e-11
23	3.6664904198289804e-11
24	1.9564916861028177e-11
25	1.602896609983776e-11
26	2.108154802019747e-10
27	2.4259465264700905e-10
28	1.8480470419361897e-10
29	1.3440460672935043e-10
30	8.865821002955754e-11
31	2.6196066458502655e-10
32	3.0146627814542407e-10
33	2.330161595950788e-10
34	1.722167834657428e-10
35	1.1262883131365573e-10
36	3.0208760922866834e-10
37	3.4694566356552225e-10
38	2.69951100239634e-10
39	2.0250952274617787e-10
40	1.329701390429161e-10
41	3.1455238663192446e-10
42	3.609984944956632e-10
43	2.8118850144219966e-10
44	2.11691266150896e-10
45	1.392257470535335e-10
46	4.695644343352754e-10
47	5.516628653191117e-10
48	4.4754858440025836e-10
49	3.2634312087240596e-10
50	1.9547995431095094e-10
51	6.538987003697395e-10
52	7.739444663717937e-10
53	6.382199510617486e-10
54	4.6346074063539833e-10
55	2.6946926278031246e-10
56	7.140453559815874e-10
57	8.466087931400417e-10
58	7.011666177180352e-10
59	5.094672567188404e-10
60	2.9472035325512254e-10
61	1.1007371137057994e-09
62	1.3194435345802185e-09
63	1.099565322838709e-09
64	7.694488436403422e-10
65	4.1589084734519015e-10
66	1.2921552851706883e-09
67	1.5538195619623806e-09
68	1.2960268640671505e-09
69	8.952374417972805e-10
70	4.726861399293002e-10
71	1.6443021469842598e-09
72	1.9842309276008756e-09
73	1.643441354463369e-09
74	1.0985214693494925e-09
75	5.546700573903879e-10
