#x_axis	Th_all
1	2.260600142668404e-10
2	2.451650749791317e-10
3	1.5677612073026824e-10
4	8.894078620265591e-11
5	5.4818862168079895e-11
6	2.3087438863503364e-10
7	2.5797859547534355e-10
8	1.6229196508350746e-10
9	9.533059416384587e-11
10	6.966408702540354e-11
11	1.7791907775928283e-10
12	2.107443677771609e-10
13	1.3124293674962785e-10
14	7.913456758036e-11
15	6.750193664762367e-11
16	1.384969025031065e-10
17	1.763845048505309e-10
18	1.0845637523476151e-10
19	6.760194565473114e-11
20	6.689892364817503e-11
21	1.2752613628433635e-10
22	1.6686704451062491e-10
23	1.0180175327025137e-10
24	6.406309987472389e-11
25	6.674326464609337e-11
26	8.873371329700891e-10
27	9.018529273600354e-10
28	5.850700976248059e-10
29	3.734521961469442e-10
30	2.1927745983994042e-10
31	1.0120738522831153e-09
32	1.0295549661801453e-09
33	6.747980504459935e-10
34	4.4125797366924673e-10
35	2.5965872740474853e-10
36	1.1016243173697844e-09
37	1.1271525331094502e-09
38	7.493591798457568e-10
39	5.048610567222259e-10
40	3.004000827033905e-10
41	1.1236571341340707e-09
42	1.1528057189527673e-09
43	7.703247461619637e-10
44	5.244021113475911e-10
45	3.1364198808282466e-10
46	1.646278066448544e-09
47	1.6210642226029998e-09
48	1.0469553945304202e-09
49	6.433974706941405e-10
50	3.3122151718808504e-10
51	2.1267372446760873e-09
52	2.0772494954853544e-09
53	1.3435502945078724e-09
54	8.157075064952675e-10
55	3.979636532679655e-10
56	2.2487549114232113e-09
57	2.1989095578416135e-09
58	1.4302125047695198e-09
59	8.725841530253131e-10
60	4.2157450648364307e-10
61	3.2867842205197977e-09
62	3.1230338512915243e-09
63	1.9553575044108937e-09
64	1.0923202043830422e-09
65	4.659044945543886e-10
66	3.671342776862512e-09
67	3.472790932912425e-09
68	2.164261490027008e-09
69	1.1880431868459751e-09
70	4.874294094994001e-10
71	4.378339123704071e-09
72	4.080390283430099e-09
73	2.477998541883594e-09
74	1.2886767162682932e-09
75	4.955217307017511e-10
