#x_axis	Th_all
1	8.78692339401044e-12
2	1.1909967589054504e-11
3	1.0573602024596617e-11
4	7.1979165211006844e-12
5	3.884669139759779e-12
6	8.356168478160305e-12
7	1.1859202241551079e-11
8	1.1611495194320825e-11
9	8.800479567226602e-12
10	5.050148498928693e-12
11	5.416561393046227e-12
12	8.374994111681407e-12
13	9.525415921243987e-12
14	8.24634028690564e-12
15	5.06340371931028e-12
16	3.2270938898322975e-12
17	5.818020163305834e-12
18	8.046668960335641e-12
19	7.93161786380705e-12
20	5.135522926515116e-12
21	2.636497286012342e-12
22	5.106054782209307e-12
23	7.613453696081292e-12
24	7.834672047632696e-12
25	5.161906611997236e-12
26	4.170387088290986e-11
27	5.614141478072994e-11
28	4.7524405918732877e-11
29	2.8933375115854723e-11
30	1.3701948706168469e-11
31	4.842301831243728e-11
32	6.570766339792193e-11
33	5.612363878935918e-11
34	3.4236174331708425e-11
35	1.6080836884258494e-11
36	5.300829636718193e-11
37	7.297052329924393e-11
38	6.35468525254926e-11
39	3.929485539649198e-11
40	1.8462915603985472e-11
41	5.4088571047902326e-11
42	7.487563304286545e-11
43	6.571548764163377e-11
44	4.08849678314392e-11
45	1.923973229975171e-11
46	8.494479431867815e-11
47	1.1026454871627788e-10
48	8.622950089363805e-11
49	4.6833690967193784e-11
50	2.0064301455974997e-11
51	1.129719441780665e-10
52	1.4530069194598187e-10
53	1.1101813329089294e-10
54	5.796688624915623e-11
55	2.3828770761214475e-11
56	1.2023845717212483e-10
57	1.5498936882741672e-10
58	1.1857866099668046e-10
59	6.175793274297315e-11
60	2.5184795150978178e-11
61	1.8246270099780563e-10
62	2.2546295694697075e-10
63	1.5904332743425466e-10
64	7.388524309352117e-11
65	2.7453086391757224e-11
66	2.0641828451850112e-10
67	2.5325182948393687e-10
68	1.7576392480328105e-10
69	7.936107025982828e-11
70	2.856992341972224e-11
71	2.509101859350168e-10
72	3.007756888162414e-10
73	1.9946650321320708e-10
74	8.404269408520431e-11
75	2.8683252640989034e-11
