#x_axis	Th_all
1	1.788158697375206e-10
2	2.0322610924516675e-10
3	1.3237923037148058e-10
4	7.228464469145926e-11
5	4.445133693970419e-11
6	2.0543353055230063e-10
7	2.3436869626337794e-10
8	1.4533518879457196e-10
9	7.690370976358345e-11
10	5.50326923062487e-11
11	1.7687658064073377e-10
12	2.063310719018896e-10
13	1.2247723635842825e-10
14	6.01803740873029e-11
15	4.891324391649227e-11
16	1.590954240066762e-10
17	1.8917787854093584e-10
18	1.0751554067996727e-10
19	4.862128241534156e-11
20	4.498571297959442e-11
21	1.5643418468795852e-10
22	1.86660406565042e-10
23	1.0442521884408586e-10
24	4.5430982535495916e-11
25	4.374068684917338e-11
26	7.709244360582592e-10
27	8.151710665342493e-10
28	5.400144382699923e-10
29	3.5658505384262797e-10
30	2.3255417750954686e-10
31	9.146340553962922e-10
32	9.629461483475552e-10
33	6.420665929454142e-10
34	4.339214968665449e-10
35	2.8375862976811424e-10
36	1.023283954937074e-09
37	1.0756430246559162e-09
38	7.203868342727769e-10
39	4.983645507354494e-10
40	3.3053252540017837e-10
41	1.0533872452742313e-09
42	1.1070494918984443e-09
43	7.421097006555041e-10
44	5.170862311716468e-10
45	3.449584775828652e-10
46	1.5352872899668732e-09
47	1.5949528771246168e-09
48	1.0934140837528672e-09
49	7.306089258787369e-10
50	4.2625003612407854e-10
51	2.043788359748471e-09
52	2.1142952565588604e-09
53	1.4661935122886965e-09
54	9.806197870703246e-10
55	5.502023743521082e-10
56	2.19050806948887e-09
57	2.265701997485209e-09
58	1.5780875067855149e-09
59	1.0601595814735728e-09
60	5.915894547015608e-10
61	3.2512330805722723e-09
62	3.332510056767598e-09
63	2.315392979661426e-09
64	1.4824243903161102e-09
65	7.502266884362055e-10
66	3.704116923024158e-09
67	3.789521164599124e-09
68	2.6340280470213694e-09
69	1.6668983384650456e-09
70	8.193309149051609e-10
71	4.522601179070539e-09
72	4.599628003944694e-09
73	3.164969253782354e-09
74	1.928777516572688e-09
75	8.957048115361876e-10
