#	x_axis	Th_all
1	1.6690424150202686e-09
2	1.7207737822094157e-09
3	1.264880614848096e-09
4	8.449156758007529e-10
5	4.063494004182484e-10
6	5.715311198538361e-11
7	5.6274112850805135e-11
8	2.6009567344327085e-11
9	-3.4550741136912803e-11
10	-5.219558708091689e-11
11	-6.590091215015782e-10
12	-6.714047262417623e-10
13	-5.085172073453158e-10
14	-3.572764511954512e-10
15	-1.7981750066248586e-10
16	-1.1970391662333268e-09
17	-1.2142821906539383e-09
18	-9.027897302853916e-10
19	-5.933848851832933e-10
20	-2.756367233915217e-10
21	-1.3236867551591466e-09
22	-1.3404158526316786e-09
23	-9.918621797999362e-10
24	-6.44335051626594e-10
25	-2.9562097041558096e-10
26	1.2990422678069122e-09
27	1.3154098473791004e-09
28	8.98903075529212e-10
29	4.807485868592965e-10
30	1.754475812308056e-10
31	3.461329543305722e-10
32	3.530099214598455e-10
33	2.2409325792345098e-10
34	1.3375935013293494e-10
35	8.186969668374403e-11
36	-4.271933389132055e-10
37	-4.0322144788603445e-10
38	-2.744206348186966e-10
39	-7.672116574119129e-11
40	4.786235263226711e-11
41	-6.178848678392988e-10
42	-5.867315468654066e-10
43	-3.920529527434412e-10
44	-1.2205443069669809e-10
45	4.2749572621311513e-11
46	1.0646431308572338e-09
47	1.0490495679271792e-09
48	6.53689105498273e-10
49	3.165782228531584e-10
50	1.2547547670818007e-10
51	7.492556107023748e-10
52	7.650542664044773e-10
53	5.240573237310155e-10
54	3.355196685446223e-10
55	1.809878052238412e-10
56	3.742863092748117e-10
57	4.2661289741822893e-10
58	3.627955131727013e-10
59	3.249836131406568e-10
60	2.1013144188554464e-10
61	2.1259961636038346e-09
62	2.0831781153545116e-09
63	1.31348817790202e-09
64	6.527811969125534e-10
65	2.549630127770481e-10
66	1.8278465054907874e-09
67	1.8393656332408974e-09
68	1.2472777636797605e-09
69	7.101474063832082e-10
70	3.054995401000154e-10
71	2.326391900581709e-09
72	2.303751755059251e-09
73	1.503074054883408e-09
74	7.940798602437825e-10
75	3.1839254948022985e-10
