#	x_axis	Th_all
1	3.6776211265703026e-09
2	3.4256039380721547e-09
3	2.197544167527998e-09
4	1.4746301866927604e-09
5	7.555400692694811e-10
6	8.88883197452275e-11
7	6.994815558605611e-11
8	4.4080977369820296e-11
9	-5.960149290717429e-11
10	-1.1460502164861036e-10
11	-1.51371864400051e-09
12	-1.3733123584815558e-09
13	-8.971441414468214e-10
14	-6.458812160553343e-10
15	-3.5670173028863834e-10
16	-2.7231250534973365e-09
17	-2.456375767649383e-09
18	-1.5938359802434246e-09
19	-1.0722105043784828e-09
20	-5.367953319114954e-10
21	-3.011709299643111e-09
22	-2.7107791173994925e-09
23	-1.753188774613997e-09
24	-1.1652349641224395e-09
25	-5.748287009412851e-10
26	3.0120878751049955e-09
27	2.742017128822357e-09
28	1.682683629474089e-09
29	9.144914380951592e-10
30	3.393387802915619e-10
31	9.461065634500722e-10
32	9.154264679250548e-10
33	5.242022115134816e-10
34	2.8896878172090706e-10
35	1.8404346189399625e-10
36	-7.271878759953402e-10
37	-5.059994993847358e-10
38	-3.262901147534916e-10
39	-7.565761986849202e-11
40	1.549106439455178e-10
41	-1.1393379226604481e-09
42	-8.490365624009526e-10
43	-5.26405199776421e-10
44	-1.527025813090783e-10
45	1.5402609975592894e-10
46	2.601957501865273e-09
47	2.3306318596499354e-09
48	1.3084152595086124e-09
49	6.264639901994456e-10
50	2.585769525466926e-10
51	1.963982839020232e-09
52	1.8525201725274213e-09
53	1.117475880725779e-09
54	6.921217303167371e-10
55	4.0351364540263837e-10
56	1.1569772361848927e-09
57	1.2247986811622802e-09
58	8.502911879762587e-10
59	6.909645449758766e-10
60	4.769973818055552e-10
61	5.064168359598871e-09
62	4.462048565172592e-09
63	2.5165620231196692e-09
64	1.253633990912839e-09
65	5.180654945485621e-10
66	4.411693506554171e-09
67	4.006190256683076e-09
68	2.408928324156436e-09
69	1.37573248106493e-09
70	6.243672949118179e-10
71	5.492415690653104e-09
72	4.8890440307705265e-09
73	2.842826372865179e-09
74	1.5151672991316984e-09
75	6.39980684943959e-10
