#	x_axis	Th_all
1	4.281284468597914e-11
2	6.218711030775254e-11
3	5.116499504239317e-11
4	2.801460621039434e-11
5	1.1581376998061113e-11
6	2.323146256906061e-12
7	1.4342782812933662e-12
8	-1.2798690510825538e-12
9	-2.4786676136364838e-12
10	-1.7292932813241844e-12
11	-1.8361051169391876e-11
12	-2.712019233370956e-11
13	-2.284199553630368e-11
14	-1.2775325314212767e-11
15	-5.327306425923754e-12
16	-3.38780745343588e-11
17	-4.8422954887727e-11
18	-3.884688162884626e-11
19	-2.04176191581377e-11
20	-8.031468417881344e-12
21	-3.7670417384488314e-11
22	-5.349684591304256e-11
23	-4.2515898434271576e-11
24	-2.2087760975787756e-11
25	-8.606388390898831e-12
26	3.827580714610036e-11
27	5.081005648516943e-11
28	3.61267703454873e-11
29	1.609365238115642e-11
30	5.5384657123046184e-12
31	9.240283600495246e-12
32	1.3250710982616082e-11
33	1.1140637915433927e-11
34	6.71518622589642e-12
35	3.3551786799433484e-12
36	-1.5135241606771015e-11
37	-1.6487183130371e-11
38	-6.47099693824337e-12
39	1.759482481119007e-12
40	3.0165019983669692e-12
41	-2.1231798993298046e-11
42	-2.3760619900618246e-11
43	-1.0588337761526968e-11
44	7.464189080472585e-13
45	3.0207290915702885e-12
46	3.259005304907802e-11
47	4.1658390021387526e-11
48	2.8280852402613615e-11
49	1.2278645924453506e-11
50	4.57035597982478e-12
51	2.1752923732354873e-11
52	3.1102477696482964e-11
53	2.559432668746438e-11
54	1.4649494253818356e-11
55	6.839699031635948e-12
56	9.096383672622896e-12
57	1.7980345846763756e-11
58	2.057779586535342e-11
59	1.5270926107281203e-11
60	7.905019826983473e-12
61	6.619083002636793e-11
62	8.378906896069686e-11
63	5.5888693682172144e-11
64	2.362189973606457e-11
65	8.735231850826529e-12
66	5.530672396893239e-11
67	7.418632528770233e-11
68	5.4451322169935614e-11
69	2.61955285823991e-11
70	1.020963266434406e-11
71	7.116979247445055e-11
72	9.207669597143308e-11
73	6.373570796106131e-11
74	2.8313714872430548e-11
75	1.0504597942749163e-11
