#	x_axis	Th_all
1	1.4604518757363842e-11
2	1.9426828056175766e-11
3	1.7080770756755007e-11
4	1.2021019650011853e-11
5	6.976623040484887e-12
6	2.607072118254508e-12
7	2.4126286406098986e-12
8	1.3805570855060406e-12
9	1.993270818301314e-12
10	2.406569771412389e-12
11	-8.566895270630411e-12
12	-1.304032341615813e-11
13	-1.2414848679801513e-11
14	-6.607007274166664e-12
15	-1.57403003517157e-12
16	-1.7369366181931587e-11
17	-2.521597976403814e-11
18	-2.3289079137353705e-11
19	-1.338450765392869e-11
20	-4.707237661780005e-12
21	-1.9737606189270426e-11
22	-2.855530568446566e-11
23	-2.6376990660977294e-11
24	-1.5379566415591554e-11
25	-5.651294242702864e-12
26	6.106542892782126e-11
27	8.257831028532132e-11
28	7.548523313399506e-11
29	5.426814307899622e-11
30	3.05313196735591e-11
31	6.399339624897604e-11
32	8.697615093505385e-11
33	8.136419119091468e-11
34	6.038983689186422e-11
35	3.46603901249762e-11
36	6.248992452971438e-11
37	8.56931373507354e-11
38	8.311330337843139e-11
39	6.463695625371336e-11
40	3.822175444096454e-11
41	6.090391612633616e-11
42	8.380012398314868e-11
43	8.246653995053035e-11
44	6.533388088433556e-11
45	3.9099298027566286e-11
46	1.3663757978106386e-10
47	1.8620175366300817e-10
48	1.6725954112137284e-10
49	1.1322690143339076e-10
50	5.92685586283003e-11
51	1.8680178143226376e-10
52	2.5569589041888183e-10
53	2.2963604865662922e-10
54	1.5364997785217546e-10
55	7.915305848857822e-11
56	1.9664874545505052e-10
57	2.7025599060122075e-10
58	2.444972587042655e-10
59	1.6471926472588735e-10
60	8.525293364592555e-11
61	3.417420622024039e-10
62	4.631175451167478e-10
63	3.9918169167089444e-10
64	2.4889244696060276e-10
65	1.1931243783632538e-10
66	3.9356250307875363e-10
67	5.330274689855687e-10
68	4.5696943812985125e-10
69	2.816219764525444e-10
70	1.3303859940597475e-10
71	5.056255674961769e-10
72	6.777085215751876e-10
73	5.649904560214422e-10
74	3.3364375665020353e-10
75	1.5078147962973074e-10
