#	x_axis	Th_all
1	1.0635299185197508e-09
2	1.1995688349917957e-09
3	9.548281452526456e-10
4	6.517959696959681e-10
5	3.3460105999330747e-10
6	7.489240849270272e-10
7	8.435733376648263e-10
8	6.601917552199765e-10
9	4.288768962399346e-10
10	2.095071988247517e-10
11	7.64215496476953e-10
12	8.596552348965555e-10
13	6.727371704384775e-10
14	4.4157256383053904e-10
15	2.191683982330271e-10
16	8.368950036377661e-10
17	9.41085260387701e-10
18	7.36353340793184e-10
19	4.826763180425904e-10
20	2.3889582371984234e-10
21	8.979238253622675e-10
22	1.0094529337532304e-09
23	7.891446195870511e-10
24	5.14855496335763e-10
25	2.5297639575302305e-10
26	9.296587264301751e-10
27	1.0414182184661857e-09
28	7.868579619789618e-10
29	4.5451355424780355e-10
30	1.9073542369358283e-10
31	8.426452249986823e-10
32	9.402185244015485e-10
33	7.045959009099696e-10
34	4.080311405920384e-10
35	1.7469623396759077e-10
36	9.129150607311203e-10
37	1.0192702199464025e-09
38	7.659309993388787e-10
39	4.4549489804221925e-10
40	1.9144429989301247e-10
41	1.0228189882542087e-09
42	1.141048905268002e-09
43	8.548556657982889e-10
44	4.918618776674114e-10
45	2.0777230547727228e-10
46	9.99568971346271e-10
47	1.097085914281554e-09
48	7.841169946022596e-10
49	4.196499748126106e-10
50	1.6682478613916493e-10
51	1.0714474699696445e-09
52	1.17389277856546e-09
53	8.370182093516337e-10
54	4.4887832804773574e-10
55	1.8072466277436067e-10
56	1.178099688042914e-09
57	1.2918095278654444e-09
58	9.224890304037394e-10
59	4.927612031003177e-10
60	1.9563992622279803e-10
61	1.3763342743618118e-09
62	1.4810343798306741e-09
63	1.0054073801362264e-09
64	4.97812539604608e-10
65	1.9070523828766e-10
66	1.4701830395752428e-09
67	1.5843640236596239e-09
68	1.0812711950336373e-09
69	5.400161326058976e-10
70	2.0798698423938846e-10
71	1.6871117361536944e-09
72	1.805675623165352e-09
73	1.2117335645826365e-09
74	5.902138070293084e-10
75	2.2500635191566402e-10
