# x_axis	Th_all
1	3.519717831395255e-10
2	4.391089596127551e-10
3	3.827012376892403e-10
4	2.842103770097406e-10
5	1.6402062006527403e-10
6	-3.590842860353969e-11
7	-3.844053815225168e-11
8	-3.582367834595958e-11
9	-3.9954932172617606e-11
10	-3.0992349532377e-11
11	-2.488700006864134e-10
12	-3.083382256610878e-10
13	-2.7767562442687775e-10
14	-2.1447721918989916e-10
15	-1.2502557374668814e-10
16	-4.162775663622545e-10
17	-5.197471182180118e-10
18	-4.651122969326726e-10
19	-3.4823416128755994e-10
20	-1.9661112756709126e-10
21	-4.614631031675571e-10
22	-5.767794407360263e-10
23	-5.152278731456865e-10
24	-3.833317879426216e-10
25	-2.1506968917974775e-10
26	3.937467797344876e-10
27	4.960449297368456e-10
28	4.195013036400783e-10
29	2.875281529400986e-10
30	1.5721513281709336e-10
31	1.4211152787633442e-10
32	1.6618875671009426e-10
33	1.2355170952193507e-10
34	9.047062361964523e-11
35	6.406845973518056e-11
36	-9.530542641305513e-11
37	-1.4356271482244146e-10
38	-1.4528977656309268e-10
39	-7.337862278755802e-11
40	-3.382496389434048e-12
41	-1.6821666194246342e-10
42	-2.381834637111411e-10
43	-2.265141524533101e-10
44	-1.217595058416558e-10
45	-2.2792318605308484e-11
46	4.891756731110726e-10
47	6.08305020786665e-10
48	5.00995444819733e-10
49	3.3709653980976205e-10
50	1.832398100246146e-10
51	4.835481088042548e-10
52	5.984124494964695e-10
53	5.093886337916281e-10
54	3.7662589999292586e-10
55	2.2681052367477746e-10
56	3.6987878531327856e-10
57	4.5404961371543653e-10
58	4.036570571970795e-10
59	3.3477059115419914e-10
60	2.2265365546336367e-10
61	1.1979056680367203e-09
62	1.5111558895913884e-09
63	1.2758456691271001e-09
64	8.538677135962099e-10
65	4.447964596868124e-10
66	1.197035624950017e-09
67	1.5147406142305618e-09
68	1.30294872022399e-09
69	8.981073206408527e-10
70	4.75145585684401e-10
71	1.580212395388065e-09
72	2.0020654063386504e-09
73	1.6957879568621565e-09
74	1.1208795715662896e-09
75	5.648490900188474e-10
