# x_axis	Th_all
1	1.015555717849912e-10
2	1.3176048507365307e-10
3	1.0170834853545104e-10
4	5.268332560877833e-11
5	2.0789304043446388e-11
6	-4.7754045584175105e-12
7	-9.594178953035743e-12
8	-1.2183723917548795e-11
9	-9.116281674160558e-12
10	-4.129244521184518e-12
11	-6.09534531449659e-11
12	-7.932764907062292e-11
13	-6.162113150995162e-11
14	-3.0600834893583796e-11
15	-1.0979605556714772e-11
16	-1.0429599670113007e-10
17	-1.3281969334902722e-10
18	-9.93242982274637e-11
19	-4.6993831990891604e-11
20	-1.6284954234109582e-11
21	-1.1564427337745676e-10
22	-1.4655081890225107e-10
23	-1.0867377456863966e-10
24	-5.086296433363121e-11
25	-1.7494844852985378e-11
26	1.0575135554738264e-10
27	1.2971263435802408e-10
28	9.075754010243711e-11
29	4.217073990577082e-11
30	1.599622644408194e-11
31	3.769423644672357e-11
32	5.067488098195972e-11
33	4.4295841060242124e-11
34	2.8922835914355678e-11
35	1.4665369661554424e-11
36	-2.1730739043249793e-11
37	-1.4105475717963658e-11
38	1.1345284909278091e-11
39	2.3894109798525872e-11
40	1.651188215562324e-11
41	-3.826360553918615e-11
42	-3.175038091958093e-11
43	2.7694434140176045e-12
44	2.2958871128867044e-11
45	1.719330743849157e-11
46	1.1378462072080637e-10
47	1.377162843005668e-10
48	9.597871565868218e-11
49	4.597911682139586e-11
50	1.874558339696375e-11
51	1.0280209976989224e-10
52	1.3364587540776042e-10
53	1.0604975266429637e-10
54	5.922797394589622e-11
55	2.6179886401487506e-11
56	7.4572708657594e-11
57	1.0830554386473022e-10
58	1.0043975957039596e-10
59	6.421378009888682e-11
60	2.97442360638985e-11
61	2.466833358240199e-10
62	2.9260237415362677e-10
63	1.9310304633674016e-10
64	8.30174231531381e-11
65	3.054218094281269e-11
66	2.330481868006374e-10
67	2.864149357592101e-10
68	2.0119332985630384e-10
69	9.325448771740153e-11
70	3.474225380754746e-11
71	2.9304074510453315e-10
72	3.493451343109035e-10
73	2.3146345232985628e-10
74	9.866741199528547e-11
75	3.4860467090448046e-11
