#	x_axis	Th_all
1	2.355390394367725e-09
2	2.4341156861832165e-09
3	1.759596768666368e-09
4	1.2044114127976413e-09
5	6.241626569557716e-10
6	5.478920431279142e-11
7	6.111170557516608e-11
8	3.952171725611158e-11
9	-3.998716166296385e-11
10	-7.589728523753468e-11
11	-1.0060476126239782e-09
12	-1.0205773616206119e-09
13	-7.545726131699047e-10
14	-5.469095320380677e-10
15	-2.990986121404126e-10
16	-1.8081566748988725e-09
17	-1.833559664897732e-09
18	-1.3430766246343922e-09
19	-9.169142368472079e-10
20	-4.6348303512443853e-10
21	-2.001973718762183e-09
22	-2.0279281245124596e-09
23	-1.4805489218410288e-09
24	-9.998915050518443e-10
25	-4.993469960699218e-10
26	1.975786296005606e-09
27	2.025492015322031e-09
28	1.4010878457195778e-09
29	7.982400680326174e-10
30	3.2474225584821584e-10
31	5.863406898160924e-10
32	6.106564590373237e-10
33	3.8541191449398613e-10
34	2.2616768933660242e-10
35	1.4083092080347034e-10
36	-5.596634206903766e-10
37	-5.250715052219049e-10
38	-3.8669375525727526e-10
39	-1.3738161710229938e-10
40	6.702520049160905e-11
41	-8.479781002446893e-10
42	-8.069734474032073e-10
43	-5.741731063999881e-10
44	-2.196253470089661e-10
45	5.321386599638216e-11
46	1.7310971009456637e-09
47	1.739266151195572e-09
48	1.1085943017320876e-09
49	5.71167413331178e-10
50	2.4441309451620974e-10
51	1.29362463511722e-09
52	1.337012086489914e-09
53	9.089981941845544e-10
54	5.89710569017818e-10
55	3.394362219810582e-10
56	7.272770048610883e-10
57	8.099432239518974e-10
58	6.325834683608465e-10
59	5.430602094968217e-10
60	3.7349125479921026e-10
61	3.4663080601500847e-09
62	3.4583279016525374e-09
63	2.2344282925183164e-09
64	1.1906325485232818e-09
65	5.138365825852785e-10
66	3.021742227280815e-09
67	3.075024559801002e-09
68	2.0964206555095265e-09
69	1.2453910686777172e-09
70	5.759239231009606e-10
71	3.816395480927106e-09
72	3.8343179552712624e-09
73	2.5400401410347587e-09
74	1.4179025213181976e-09
75	6.152187825419889e-10
