#	x_axis	Th_all
1	6.984481415546686e-10
2	8.60945617841194e-10
3	7.536052169669021e-10
4	5.85494303456053e-10
5	3.6281043267095706e-10
6	4.615479986359709e-10
7	5.806589721864185e-10
8	5.154197890069735e-10
9	3.8920361492475565e-10
10	2.3060255232298196e-10
11	4.511747515443068e-10
12	5.643641717451574e-10
13	4.969362951663701e-10
14	3.7586359574214083e-10
15	2.248288485365504e-10
16	4.854547203960503e-10
17	6.072689538188439e-10
18	5.345598871983592e-10
19	4.038630141508701e-10
20	2.411499482207867e-10
21	5.239429211650475e-10
22	6.566198520732646e-10
23	5.790845172539011e-10
24	4.367422765572799e-10
25	2.5977336867053313e-10
26	6.175654548673366e-10
27	8.040943553667623e-10
28	7.299906698518453e-10
29	5.259961586847799e-10
30	2.8742100519893363e-10
31	5.313037696148865e-10
32	6.891611183916348e-10
33	6.188445425440751e-10
34	4.41998089721984e-10
35	2.4140397514479516e-10
36	5.614156247266139e-10
37	7.276311936912104e-10
38	6.534804352255747e-10
39	4.675275080601354e-10
40	2.557607954979617e-10
41	6.368720133689207e-10
42	8.273717017353176e-10
43	7.442449383577455e-10
44	5.30896638252289e-10
45	2.8887637215194014e-10
46	6.505398622172033e-10
47	8.475894130636663e-10
48	7.451087460655315e-10
49	5.046900436625379e-10
50	2.5889493296926677e-10
51	6.877640089628326e-10
52	8.939586445971919e-10
53	7.810064619390354e-10
54	5.247024026186313e-10
55	2.6660894763518855e-10
56	7.639330718484857e-10
57	9.950460863620762e-10
58	8.728399774049629e-10
59	5.885241228586903e-10
60	3.003411913860328e-10
61	9.235192306986064e-10
62	1.1991822861259857e-09
63	1.0202049305918712e-09
64	6.470719670163074e-10
65	3.063354110023598e-10
66	9.951026369628784e-10
67	1.292922582231018e-09
68	1.1034849604861119e-09
69	7.053716155974635e-10
70	3.398310417623635e-10
71	1.1750479487672603e-09
72	1.526202666958992e-09
73	1.293623498370133e-09
74	8.185522243412892e-10
75	3.96073470814745e-10
