#	x_axis	Th_all
1	2.1298816388915804e-11
2	3.344420620948293e-11
3	3.2325045332928405e-11
4	2.240445805047156e-11
5	1.2183731868431889e-11
6	2.2413955978443647e-11
7	3.4824839692074816e-11
8	3.307819807889672e-11
9	2.2460734666613378e-11
10	1.1984326035672661e-11
11	2.6827653777582493e-11
12	4.1561153752390764e-11
13	3.927019477415911e-11
14	2.6484645632599006e-11
15	1.4029097726853777e-11
16	3.229860158594014e-11
17	4.980444445369578e-11
18	4.6680409938695523e-11
19	3.116861503810165e-11
20	1.6353477690014555e-11
21	3.5129694866241125e-11
22	5.399624198949749e-11
23	5.03450460549353e-11
24	3.3405714709884293e-11
25	1.7425514959558145e-11
26	3.074847604021019e-11
27	4.6712317179397625e-11
28	4.2681698862765205e-11
29	2.760786000999572e-11
30	1.4048963176482711e-11
31	3.6994231284050726e-11
32	5.593140180781252e-11
33	5.069656197512368e-11
34	3.244772080587433e-11
35	1.6313486400453676e-11
36	4.7008738395913524e-11
37	7.064813064900321e-11
38	6.334743098381742e-11
39	3.996254518259877e-11
40	1.9791654124560755e-11
41	5.291461725965768e-11
42	7.918697774052741e-11
43	7.048400743196521e-11
44	4.403179071714136e-11
45	2.1578329710064898e-11
46	4.9279194066357925e-11
47	7.329707876242973e-11
48	6.4698664747207e-11
49	4.0008795689559383e-11
50	1.936171299046407e-11
51	6.460498588963425e-11
52	9.517245097996051e-11
53	8.26297910519999e-11
54	4.9985025232884744e-11
55	2.3650288455616153e-11
56	7.481725547017911e-11
57	1.0947544627251149e-10
58	9.394230700027794e-11
59	5.5908352249210044e-11
60	2.595381972127699e-11
61	9.069823051871053e-11
62	1.312486640692801e-10
63	1.1067823014183193e-10
64	6.451397144992645e-11
65	2.954600424956463e-11
66	1.0723481614261338e-10
67	1.538604306363721e-10
68	1.2787757358992677e-10
69	7.30724303289522e-11
70	3.277745385624942e-11
71	1.307661102799991e-10
72	1.8528267834872434e-10
73	1.5086779856076375e-10
74	8.394211087220422e-11
75	3.677927264762526e-11
