#	x_axis	Th_all
1	2.513329968603057e-10
2	2.6091903154193005e-10
3	1.770098029737111e-10
4	1.0962027568060358e-10
5	5.736466321135611e-11
6	4.819653694327346e-12
7	1.989402378449314e-11
8	1.7825212817517855e-12
9	-1.583364754015999e-11
10	-3.667718393888684e-12
11	-1.6564594403892953e-10
12	-1.4537479294749304e-10
13	-1.1693248519051108e-10
14	-9.116515231232967e-11
15	-3.4795149771477976e-11
16	-3.0311354373755087e-10
17	-2.7815973555644637e-10
18	-2.1158011708486877e-10
19	-1.507648523365428e-10
20	-5.944771399683417e-11
21	-3.4318606749437883e-10
22	-3.1668617351825156e-10
23	-2.3898481013683647e-10
24	-1.679292288415455e-10
25	-6.643134888352313e-11
26	6.309424478173497e-10
27	6.426100883340618e-10
28	4.2445737440839183e-10
29	2.732107617534342e-10
30	1.6069411658081292e-10
31	5.559059702678533e-10
32	5.739209360964733e-10
33	3.789499111370169e-10
34	2.629874629971526e-10
35	1.7418321181253643e-10
36	4.6383904363426004e-10
37	4.919911803011621e-10
38	3.3087629254138e-10
39	2.591776573835935e-10
40	1.937161584694865e-10
41	4.2611519838925667e-10
42	4.582190149176751e-10
43	3.110531376151954e-10
44	2.5604208390138437e-10
45	1.9947284784193287e-10
46	1.1059270835984798e-09
47	1.1087090311271417e-09
48	7.419121070223862e-10
49	4.7720051550784e-10
50	2.594969331710755e-10
51	1.3834079979574496e-09
52	1.389082566096807e-09
53	9.492481502923106e-10
54	6.259661574946393e-10
55	3.3444661688208067e-10
56	1.390173863964974e-09
57	1.4058273774228553e-09
58	9.777153426931859e-10
59	6.645930129054007e-10
60	3.604195779016872e-10
61	2.4392497233944484e-09
62	2.3971077977562746e-09
63	1.6028148390120837e-09
64	9.640265526434694e-10
65	4.420671455413061e-10
66	2.672199539322662e-09
67	2.629648686499392e-09
68	1.7711952521927166e-09
69	1.0675039579080445e-09
70	4.798679748381182e-10
71	3.2888085191197495e-09
72	3.2006073870177772e-09
73	2.1096825103836397e-09
74	1.2047069219653185e-09
75	5.050848887723922e-10
