#	x_axis	Th_all
1	6.621937633234449e-11
2	9.22142754244656e-11
3	7.732539455159877e-11
4	4.4904514672251716e-11
5	2.0303250809434024e-11
6	-1.1635509619617506e-12
7	-3.70319628586321e-12
8	-6.193159424613938e-12
9	-5.7554302507282824e-12
10	-3.4278941564914693e-12
11	-3.611568748755723e-11
12	-5.060284025611364e-11
13	-4.3029905416988754e-11
14	-2.4898144868849804e-11
15	-1.1149004693450021e-11
16	-6.28361098858192e-11
17	-8.625256916851395e-11
18	-7.086376450638949e-11
19	-3.931522649584493e-11
20	-1.6971099820509952e-11
21	-6.96455598353519e-11
22	-9.516891392012449e-11
23	-7.761866971879141e-11
24	-4.268524219508443e-11
25	-1.8296086978245684e-11
26	6.132377782951972e-11
27	8.033466798692777e-11
28	6.060974540277208e-11
29	3.09146295567756e-11
30	1.2607221537934977e-11
31	1.5581371108931676e-11
32	2.193374655593568e-11
33	1.993473344746592e-11
34	1.3478700228662072e-11
35	7.199020136423543e-12
36	-2.4214846651865048e-11
37	-2.633729984959553e-11
38	-1.0606631962223195e-11
39	2.93498268466581e-12
40	5.157316042435672e-12
41	-3.511510816984754e-11
42	-3.9327653004617584e-11
43	-1.8563916729956883e-11
44	4.0783184189347465e-13
45	4.7766854609238745e-12
46	5.966768304867659e-11
47	7.647632876319948e-11
48	5.6499721061025876e-11
49	2.8631650910516324e-11
50	1.187316872189425e-11
51	4.8317321864198437e-11
52	6.696831980574517e-11
53	5.6847985998594e-11
54	3.436833796469664e-11
55	1.663192137880408e-11
56	2.8775631501430565e-11
57	4.668820072341914e-11
58	4.8585677152282945e-11
59	3.499796830655295e-11
60	1.8617401411534512e-11
61	1.3498054330955427e-10
62	1.713383233784332e-10
63	1.2320500872300514e-10
64	5.958698914220086e-11
65	2.3984782920782463e-11
66	1.242733913131323e-10
67	1.6364196823875712e-10
68	1.2506954702627396e-10
69	6.513642335437364e-11
70	2.7210538807584965e-11
71	1.6180133854850735e-10
72	2.067672727117645e-10
73	1.49853311599593e-10
74	7.26795137453982e-11
75	2.8687984623955183e-11
