#	x_axis	Th_all
1	1.5257375297342357e-09
2	1.5323149798507273e-09
3	1.0160111557063851e-09
4	6.930352781393184e-10
5	4.1833408447878894e-10
6	1.4380634087741131e-09
7	1.4425228885889332e-09
8	9.585915942771666e-10
9	6.376410595810979e-10
10	3.6850878396642063e-10
11	1.646222507081987e-09
12	1.6464098726751078e-09
13	1.0938036839296046e-09
14	7.29312060200266e-10
15	4.2017901019903255e-10
16	1.904727532030807e-09
17	1.8986426735826297e-09
18	1.2636595603723114e-09
19	8.413510420759629e-10
20	4.778498072737336e-10
21	2.038830117683815e-09
22	2.0285116420957795e-09
23	1.350755796924013e-09
24	8.96978048135404e-10
25	5.046184257436864e-10
26	1.7422785959923578e-09
27	1.7305157603105644e-09
28	1.157146356102898e-09
29	7.323097232219729e-10
30	3.7551222538441897e-10
31	1.9534073872301124e-09
32	1.934266418868328e-09
33	1.2877514407702367e-09
34	8.115955168759642e-10
35	4.1496314649325517e-10
36	2.34464998895076e-09
37	2.312699577822561e-09
38	1.5427799548422056e-09
39	9.673551290123938e-10
40	4.821982015099575e-10
41	2.591363842675139e-09
42	2.54911462442628e-09
43	1.7002040194823854e-09
44	1.058014174925172e-09
45	5.164169197357225e-10
46	2.4110745005653645e-09
47	2.3640209260203258e-09
48	1.5506386324138355e-09
49	9.417281814998153e-10
50	4.6001494229576134e-10
51	2.9299733384412277e-09
52	2.858348439683533e-09
53	1.8710225974136536e-09
54	1.122135025905439e-09
55	5.321897116987586e-10
56	3.285752332295958e-09
57	3.1945800475080617e-09
58	2.0866682604803354e-09
59	1.2346667650857584e-09
60	5.680194541825753e-10
61	3.8010035008617765e-09
62	3.6684600202076625e-09
63	2.364523524930185e-09
64	1.3619733854541444e-09
65	6.148363586315737e-10
66	4.2946956643495565e-09
67	4.129456158172115e-09
68	2.651076495266972e-09
69	1.5031831158998506e-09
70	6.582937474976771e-10
71	4.988524005583572e-09
72	4.764969091145628e-09
73	3.0248690152735465e-09
74	1.6676246430312235e-09
75	7.039628461067697e-10
