#	x_axis	Th_all
1	1.9172445138014468e-11
2	2.2249987840414588e-11
3	1.6309048834557713e-11
4	1.112853631389694e-11
5	7.538715824808135e-12
6	2.9800053611381697e-11
7	3.4356033684021416e-11
8	2.5798170488948668e-11
9	1.8539413315481563e-11
10	1.2620706228652037e-11
11	3.2886965257109365e-11
12	3.792158959930126e-11
13	2.8565294007828155e-11
14	2.0556746497218977e-11
15	1.3937344408963873e-11
16	3.716364366801718e-11
17	4.296427950330708e-11
18	3.249826493995917e-11
19	2.3184402934504954e-11
20	1.5454613961281026e-11
21	3.970286353740635e-11
22	4.597023676652594e-11
23	3.472470844365104e-11
24	2.4433526816429697e-11
25	1.6041351926603462e-11
26	9.377773538288421e-11
27	1.1086479050421458e-10
28	9.134301665039623e-11
29	6.768466538011856e-11
30	4.127644354431542e-11
31	1.2241129410394006e-10
32	1.4565932867562488e-10
33	1.2166715103801838e-10
34	8.988038126563372e-11
35	5.354832522219981e-11
36	1.4697783899700643e-10
37	1.754080475313918e-10
38	1.4764717394611995e-10
39	1.0917505437372925e-10
40	6.438706526314955e-11
41	1.5548169271956399e-10
42	1.856717653329294e-10
43	1.564600490541629e-10
44	1.1556343190961367e-10
45	6.791847006721241e-11
46	2.1532661353982618e-10
47	2.6091276734497855e-10
48	2.2116773363513207e-10
49	1.5678220965390825e-10
50	8.689035263242839e-11
51	3.047627742276266e-10
52	3.718920987155815e-10
53	3.164763167871393e-10
54	2.2017154148109014e-10
55	1.1825279285628443e-10
56	3.3765521660357175e-10
57	4.127419943021721e-10
58	3.5142347554766655e-10
59	2.4317918389726957e-10
60	1.2955684058427895e-10
61	5.088406855297133e-10
62	6.253182781775516e-10
63	5.27456040819852e-10
64	3.500935703065792e-10
65	1.7680080246456062e-10
66	6.042391364730549e-10
67	7.433503811490452e-10
68	6.23288112483364e-10
69	4.060034394167704e-10
70	2.0017874350679586e-10
71	7.722961719847275e-10
72	9.486387394982712e-10
73	7.817096166074427e-10
74	4.897251942159979e-10
75	2.3059603120911408e-10
