#	x_axis	Th_all
1	3.5249193537638354e-10
2	4.3535709867010915e-10
3	3.7429227083156667e-10
4	2.575695483148697e-10
5	1.310926765590832e-10
6	-1.4900368258131295e-11
7	-1.7490756754387364e-11
8	-2.2499813657214334e-11
9	-2.86050475615801e-11
10	-2.0634725319952163e-11
11	-2.0197221171385968e-10
12	-2.489376565413446e-10
13	-2.2009539908936077e-10
14	-1.5497989071814804e-10
15	-7.875981308908924e-11
16	-3.4629156025173037e-10
17	-4.2654641807335487e-10
18	-3.702760994522471e-10
19	-2.50531778132268e-10
20	-1.229218596996406e-10
21	-3.834305070914169e-10
22	-4.719371467034459e-10
23	-4.079378167598377e-10
24	-2.738204515936997e-10
25	-1.334229828513353e-10
26	3.2942922253005656e-10
27	4.032130499492834e-10
28	3.25096404487339e-10
29	1.9844007876296497e-10
30	9.298386845337442e-11
31	9.271642654208323e-11
32	1.0877234987048766e-10
33	8.582941896658317e-11
34	6.385243734097725e-11
35	4.1232702581057065e-11
36	-1.1709420272027265e-10
37	-1.4687163876751192e-10
38	-1.116781841068658e-10
39	-3.511985194085368e-11
40	8.56848447143956e-12
41	-1.7659095062184262e-10
42	-2.1870477236740115e-10
43	-1.661556562814658e-10
44	-6.135377203148768e-11
45	4.2295347756759807e-13
46	3.4056719436769503e-10
47	4.087862541973791e-10
48	3.1785807651126806e-10
49	1.9114934018934054e-10
50	9.109897402329532e-11
51	2.9461698693087677e-10
52	3.5902322470132613e-10
53	3.006838109688259e-10
54	2.079052038245978e-10
55	1.1161908529635079e-10
56	1.9251602059567597e-10
57	2.4275137289050434e-10
58	2.307834425662553e-10
59	1.9061157685289048e-10
60	1.1514037537240476e-10
61	7.924367746149279e-10
62	9.562309012684846e-10
63	7.479409417265551e-10
64	4.388868395745502e-10
65	1.975917710870537e-10
66	7.5252165680258e-10
67	9.207059560434513e-10
68	7.49315123695221e-10
69	4.6530579202272826e-10
70	2.1867529007298214e-10
71	9.880125593266862e-10
72	1.1975459462831768e-09
73	9.435003493277543e-10
74	5.531284301466557e-10
75	2.456660234519751e-10
