#	x_axis	Th_all
1	5.127042915824471e-09
2	4.965596588701667e-09
3	3.274861096537086e-09
4	2.2956724895984922e-09
5	1.3453890309710514e-09
6	3.2801631680282965e-09
7	3.169158704097061e-09
8	2.1018026713931997e-09
9	1.4070682571797197e-09
10	7.558190521817394e-10
11	3.202925775218932e-09
12	3.0976389807710805e-09
13	2.038099083602002e-09
14	1.372270674763127e-09
15	7.614248224580099e-10
16	3.399972137520496e-09
17	3.286467540789272e-09
18	2.1615619699528635e-09
19	1.4589699362171506e-09
20	8.126277020765303e-10
21	3.6325469698929978e-09
22	3.5071289974766266e-09
23	2.3095455286832624e-09
24	1.5570714629289787e-09
25	8.604583213911623e-10
26	4.013402828041087e-09
27	3.820727867962921e-09
28	2.552472266530253e-09
29	1.5548555001854669e-09
30	6.582122582207086e-10
31	3.3624181067245353e-09
32	3.2004060392173017e-09
33	2.1026859225376114e-09
34	1.2641249525343696e-09
35	5.516044664360411e-10
36	3.4211238528455417e-09
37	3.261195557473638e-09
38	2.1479692098972865e-09
39	1.3077799218166136e-09
40	5.845915607576476e-10
41	3.815541741580421e-09
42	3.6298257143054993e-09
43	2.3923898636512286e-09
44	1.4484689950946312e-09
45	6.342350246783401e-10
46	3.918838410274563e-09
47	3.6667267476610877e-09
48	2.301816065305266e-09
49	1.24288611709835e-09
50	4.791067276346799e-10
51	3.917486232434197e-09
52	3.663600537033249e-09
53	2.290112500749678e-09
54	1.2478766389381577e-09
55	5.055109403090217e-10
56	4.189215029917188e-09
57	3.922826207160752e-09
58	2.4705636003417485e-09
59	1.3622790054295309e-09
60	5.499518284426817e-10
61	4.984339931197004e-09
62	4.564335560085258e-09
63	2.71110272689542e-09
64	1.3238877309770718e-09
65	4.953255961584751e-10
66	5.080496235355867e-09
67	4.666303995512157e-09
68	2.8005311465677034e-09
69	1.412737051683194e-09
70	5.49682127089617e-10
71	5.717476261065895e-09
72	5.2117731069684344e-09
73	3.0785025998006487e-09
74	1.5186282731713698e-09
75	5.907977089519574e-10
