# x_axis	Th_all
1	4.868345560086468e-11
2	6.50142399744862e-11
3	5.5372643447605116e-11
4	3.4069345275915155e-11
5	1.621316504508638e-11
6	-9.440478803809645e-12
7	-1.3837571311135956e-11
8	-1.3621309133693882e-11
9	-8.7832894023861e-12
10	-3.659915891679018e-12
11	-4.499732139415788e-11
12	-6.051598569465033e-11
13	-5.1682138443676587e-11
14	-2.97899678228173e-11
15	-1.243740644633911e-11
16	-7.337285831907484e-11
17	-9.757769742616922e-11
18	-8.169220013550376e-11
19	-4.62614783468835e-11
20	-1.9291911100354515e-11
21	-8.141919798833862e-11
22	-1.0800506614326106e-10
23	-9.001088146984697e-11
24	-5.0734219060136045e-11
25	-2.1117484758751378e-11
26	7.607302643735536e-11
27	9.973442575777683e-11
28	8.307407084401681e-11
29	5.108404988607768e-11
30	2.4874771276765668e-11
31	4.239212817072593e-11
32	5.775555992105238e-11
33	5.417164048894543e-11
34	3.958207083664813e-11
35	2.1947952822840586e-11
36	8.507850838066674e-12
37	1.7308012615342148e-11
38	2.8928713139079574e-11
39	3.1919693487625965e-11
40	2.135256458797665e-11
41	-2.937674667699221e-12
42	3.783018700740716e-12
43	2.052851508306605e-11
44	2.942975689964023e-11
45	2.1185200536946357e-11
46	1.1880724510605053e-10
47	1.5510715350040635e-10
48	1.279339271378599e-10
49	7.710366276035043e-11
50	3.6471410263826346e-11
51	1.3764992332911722e-10
52	1.8390682126546522e-10
53	1.579257505427792e-10
54	9.899500832142443e-11
55	4.8055438039372275e-11
56	1.255404722075601e-10
57	1.7274716007231196e-10
58	1.5623550727703819e-10
59	1.0324092264507042e-10
60	5.18208781894444e-11
61	2.9089666465584616e-10
62	3.734187474079314e-10
63	2.9204199186028275e-10
64	1.5999808243398135e-10
65	6.88568599597776e-11
66	3.0837789536561497e-10
67	3.9959857267186414e-10
68	3.171111235341862e-10
69	1.7588686797074996e-10
70	7.56362611537606e-11
71	3.946170363332144e-10
72	5.014765534515167e-10
73	3.818645320776844e-10
74	1.9976493208101396e-10
75	8.143430125599004e-11
