#	x_axis	Th_all
1	2.329602196648408e-09
2	2.3409022584314445e-09
3	1.341170178901188e-09
4	8.437150485468852e-10
5	6.74353334888484e-10
6	1.8667930806751647e-09
7	1.883390587098297e-09
8	1.1331889598929666e-09
9	7.470737449711967e-10
10	5.619945592096623e-10
11	2.0620914180817553e-09
12	2.077946426618859e-09
13	1.2435005139068763e-09
14	8.15347183024284e-10
15	6.163304713674639e-10
16	2.3553729143682865e-09
17	2.367181149001634e-09
18	1.4244901923301288e-09
19	9.456972065950724e-10
20	7.117497850523319e-10
21	2.5330030361546207e-09
22	2.542472379182562e-09
23	1.538441457447738e-09
24	1.0300644894273288e-09
25	7.710874341525261e-10
26	2.211213369607675e-09
27	2.2275703084460568e-09
28	1.4691578103858006e-09
29	1.0641302633806554e-09
30	7.283688406141548e-10
31	2.3236518625882266e-09
32	2.346584245330422e-09
33	1.542971340647179e-09
34	1.1016808777954095e-09
35	7.489746364574155e-10
36	2.750434095473585e-09
37	2.7705840764402495e-09
38	1.8360435419540395e-09
39	1.3268544894622073e-09
40	8.974490717522078e-10
41	3.078851774492987e-09
42	3.0987955516113337e-09
43	2.072116876742934e-09
44	1.510065689478744e-09
45	1.0123249857097719e-09
46	2.850302609450407e-09
47	2.8971325639858315e-09
48	1.9533763291856904e-09
49	1.3782127178224837e-09
50	8.838149439077157e-10
51	3.424241758431481e-09
52	3.4779612261049043e-09
53	2.367427987862852e-09
54	1.6786689044728696e-09
55	1.0605001516402415e-09
56	3.896498520496193e-09
57	3.957823971677751e-09
58	2.723614404058415e-09
59	1.945650104163915e-09
60	1.2138333738076166e-09
61	4.530078036573045e-09
62	4.621535040114462e-09
63	3.2145503582341123e-09
64	2.2556818087178777e-09
65	1.3508118700117872e-09
66	5.1941109109268125e-09
67	5.303023680775338e-09
68	3.723088028854829e-09
69	2.6220889834017447e-09
70	1.5515877570407413e-09
71	6.1986740472921905e-09
72	6.348430700587623e-09
73	4.5095383017564705e-09
74	3.1615043691461247e-09
75	1.8293525277727546e-09
