#	x_axis	Th_all
1	1.6896774203764255e-10
2	2.4413226720643255e-10
3	2.366917563222149e-10
4	1.739569114091003e-10
5	9.898263740724107e-11
6	1.2702937438466663e-10
7	1.837607975882947e-10
8	1.7550379312045009e-10
9	1.2546864860988932e-10
10	6.968799634076944e-11
11	1.316296509609298e-10
12	1.9005295266776164e-10
13	1.815067624992943e-10
14	1.301068687927406e-10
15	7.244535198017526e-11
16	1.4750593405942288e-10
17	2.1296825442771178e-10
18	2.0303087332314886e-10
19	1.4503283161522933e-10
20	8.046613998509763e-11
21	1.6009261750236324e-10
22	2.3117788121995237e-10
23	2.1998171241697984e-10
24	1.565667713728852e-10
25	8.657037393346959e-11
26	1.733855494840082e-10
27	2.51410035371285e-10
28	2.3342921801576807e-10
29	1.5774665289530884e-10
30	8.288471650547121e-11
31	1.638798478782387e-10
32	2.3664503435601054e-10
33	2.1858718185342952e-10
34	1.472422035073941e-10
35	7.717466777203027e-11
36	1.856876818521045e-10
37	2.682087497628038e-10
38	2.475933019339034e-10
39	1.6646130318012374e-10
40	8.70398989316197e-11
41	2.113690921665515e-10
42	3.052727482543145e-10
43	2.809959747058255e-10
44	1.8787775173819162e-10
45	9.768571566983035e-11
46	2.0491829735215728e-10
47	2.9246074984358146e-10
48	2.620002498511856e-10
49	1.6887894618288512e-10
50	8.401024080997447e-11
51	2.3364712447600324e-10
52	3.32582812037137e-10
53	2.961028696036133e-10
54	1.8906771942531415e-10
55	9.296055440431059e-11
56	2.659423914468133e-10
57	3.7871978166296014e-10
58	3.366679415356619e-10
59	2.1422170718023174e-10
60	1.0505722654749587e-10
61	3.1748137193950576e-10
62	4.4577376245068056e-10
63	3.8394923770004874e-10
64	2.3333478363343034e-10
65	1.0832609141684245e-10
66	3.5677111455305224e-10
67	5.008455803647878e-10
68	4.308504565875709e-10
69	2.615657205727466e-10
70	1.2202247475984103e-10
71	4.284464567829707e-10
72	5.98037366859908e-10
73	5.080463680471403e-10
74	3.0381502463101324e-10
75	1.4114266689467588e-10
