#	x_axis	Th_all
1	4.3106265071641343e-13
2	7.464370006711648e-13
3	8.059366563069149e-13
4	6.315383927682257e-13
5	3.887743049075547e-13
6	4.716285326563584e-13
7	8.500621562444894e-13
8	9.680359634829784e-13
9	8.010086673907768e-13
10	5.165233452476035e-13
11	3.6006131308228283e-13
12	6.78024686188078e-13
13	8.168535963634045e-13
14	7.135581554299875e-13
15	4.810937520113482e-13
16	3.348683414408669e-13
17	6.351101911316515e-13
18	7.759949884253139e-13
19	6.895808947803231e-13
20	4.729382917863828e-13
21	3.8354270283989395e-13
22	6.969091702556915e-13
23	8.157526226180224e-13
24	7.035375753811104e-13
25	4.755559314950178e-13
26	3.2479283152759342e-12
27	5.490860917113573e-12
28	5.669269279112374e-12
29	4.1881814235364405e-12
30	2.414230886708325e-12
31	4.215606944257905e-12
32	7.116304968680361e-12
33	7.321499670036538e-12
34	5.377804006220641e-12
35	3.0757495488672434e-12
36	4.929575121781218e-12
37	8.355522927952752e-12
38	8.632892491844784e-12
39	6.3603411522108246e-12
40	3.639610463952335e-12
41	5.154609042165268e-12
42	8.741808570323193e-12
43	9.037545594891921e-12
44	6.661641700134805e-12
45	3.812390298069284e-12
46	8.902287889795934e-12
47	1.4485743100837997e-11
48	1.4135661643458537e-11
49	9.758484642953807e-12
50	5.254760279114094e-12
51	1.3114451967821698e-11
52	2.1107481489517882e-11
53	2.0257860777177236e-11
54	1.3697926376445076e-11
55	7.222882432258582e-12
56	1.4514726430911024e-11
57	2.3319401995825233e-11
58	2.2317016682060295e-11
59	1.5035495547008294e-11
60	7.900968373406639e-12
61	2.4018407360183942e-11
62	3.7581652160442154e-11
63	3.4603204056859804e-11
64	2.2229477450947804e-11
65	1.1123005282711611e-11
66	2.8884602263424108e-11
67	4.481747465206033e-11
68	4.074371824751538e-11
69	2.574433770008718e-11
70	1.2646225776653059e-11
71	3.81429402283982e-11
72	5.804570966205723e-11
73	5.126225859662177e-11
74	3.1196708180191744e-11
75	1.4701374502373976e-11
