#	x_axis	Th_all
1	1.5981398404508868e-09
2	1.5471552224204259e-09
3	8.78398735901589e-10
4	6.178932460670063e-10
5	5.217239625427346e-10
6	-1.0059077554517684e-10
7	-7.842692030393613e-11
8	3.069364901364915e-11
9	6.402260265496862e-11
10	6.516806006524502e-12
11	-8.37008744481673e-10
12	-7.780898303791751e-10
13	-4.165096904164966e-10
14	-2.952370711784684e-10
15	-2.7448151015832477e-10
16	-1.4069642592083743e-09
17	-1.3239287437233734e-09
18	-7.644783950046233e-10
19	-5.663717634726657e-10
20	-4.838412340220107e-10
21	-1.548301838515682e-09
22	-1.4601511170655515e-09
23	-8.532576401415356e-10
24	-6.350458610632449e-10
25	-5.350434847071777e-10
26	1.22413683975632e-09
27	1.2462182874309752e-09
28	8.580266370616555e-10
29	6.394926212117714e-10
30	4.284316278123617e-10
31	3.375092554459586e-10
32	3.7970203624480126e-10
33	2.0781715343361176e-10
34	6.800742001712399e-11
35	3.960727530420271e-11
36	-4.2469073976253593e-10
37	-3.867723510934106e-10
38	-4.083646800776856e-10
39	-4.535378010334477e-10
40	-2.804627678453218e-10
41	-6.411187209441846e-10
42	-6.0549875541378e-10
43	-5.860539884350027e-10
44	-6.004613819090087e-10
45	-3.678047888029244e-10
46	1.2040655091191468e-09
47	1.252691284228441e-09
48	8.382802210195545e-10
49	5.538415422540608e-10
50	3.442694599336741e-10
51	1.054084061410687e-09
52	1.0595849058256582e-09
53	6.041560345175773e-10
54	3.742780832603639e-10
55	2.972352629442968e-10
56	6.944850425958358e-10
57	6.62806252308714e-10
58	2.5822612106944044e-10
59	1.3008716050412362e-10
60	2.0166350421849703e-10
61	2.8626265483766864e-09
62	2.9100774686300504e-09
63	2.0001752188025545e-09
64	1.4516754188946379e-09
65	9.439221855301728e-10
66	2.7674493421272463e-09
67	2.7723507327865043e-09
68	1.8573581291563488e-09
69	1.3986644122182378e-09
70	9.817797347356147e-10
71	3.712664234270727e-09
72	3.7684415015473385e-09
73	2.645946291879599e-09
74	1.9818285960168796e-09
75	1.2891644323645812e-09
