#	x_axis	Th_all
1	3.7915863564070075e-09
2	3.670928510339288e-09
3	2.368088445209794e-09
4	1.6728359315124824e-09
5	1.0469915820011058e-09
6	2.7332645463425216e-09
7	2.6482168471785142e-09
8	1.7304869564764984e-09
9	1.1833063941576916e-09
10	6.8883910990215e-10
11	2.843855820974224e-09
12	2.7544401283102613e-09
13	1.7869138560041244e-09
14	1.2236309474644552e-09
15	7.25934578546225e-10
16	3.13491418311816e-09
17	3.0315452652538256e-09
18	1.9682529532249504e-09
19	1.3496454760810183e-09
20	7.982092065038018e-10
21	3.3547933698750648e-09
22	3.2396182610127455e-09
23	2.1069381668993624e-09
24	1.4438911290412424e-09
25	8.470807891251759e-10
26	3.2627292546059937e-09
27	3.131282938662417e-09
28	2.1000482798929423e-09
29	1.353551160676123e-09
30	6.523544762821575e-10
31	3.0506754365244712e-09
32	2.927880800930178e-09
33	1.936261734979411e-09
34	1.2327036103771032e-09
35	6.054789335603095e-10
36	3.349830974294722e-09
37	3.212476027594588e-09
38	2.1284653569027262e-09
39	1.3623178406167595e-09
40	6.712267139446523e-10
41	3.7334765842506854e-09
42	3.5727827133539986e-09
43	2.371456655756334e-09
44	1.511150978284551e-09
45	7.302928086941032e-10
46	3.5998836482572348e-09
47	3.4184792868297206e-09
48	2.202178453350237e-09
49	1.30456219777098e-09
50	5.901529604171236e-10
51	3.9145873100187535e-09
52	3.710435305190331e-09
53	2.383260345416931e-09
54	1.412776393637898e-09
55	6.46809882588901e-10
56	4.302339048105891e-09
57	4.073844831439869e-09
58	2.6260884900715495e-09
59	1.5576127968574592e-09
60	7.011552941908518e-10
61	4.972099072304395e-09
62	4.651964900725628e-09
63	2.909052222094731e-09
64	1.6137393788006214e-09
65	6.969392786699682e-10
66	5.336704616853034e-09
67	4.991935659635769e-09
68	3.133113664959896e-09
69	1.753107778449508e-09
70	7.585501920882149e-10
71	6.096402722128353e-09
72	5.66973151518346e-09
73	3.5225858208030347e-09
74	1.93044683113836e-09
75	8.203472583731484e-10
