#	x_axis	Th_all
1	1.3136941135550696e-10
2	1.5782618343677562e-10
3	1.0282783952146092e-10
4	4.7409780299928604e-11
5	2.440081301931947e-11
6	2.1801718509855985e-10
7	2.505254282797348e-10
8	1.5440923819792258e-10
9	7.23693372481724e-11
10	4.36859545954105e-11
11	2.547140217483026e-10
12	2.8930502569827333e-10
13	1.7860281898325816e-10
14	8.737305345721451e-11
15	5.4369406805073715e-11
16	2.9609580034230346e-10
17	3.3334358865038625e-10
18	2.0758325801450084e-10
19	1.0605698613267108e-10
20	6.675281367909157e-11
21	3.165248226300387e-10
22	3.5555004044050077e-10
23	2.2354162076555927e-10
24	1.1659679502995674e-10
25	7.284997643567913e-11
26	5.443988398219501e-10
27	5.826220200298635e-10
28	3.4476285602888313e-10
29	1.920403788868538e-10
30	1.4262685955143218e-10
31	7.14712153821095e-10
32	7.539474221922862e-10
33	4.5115218252773324e-10
34	2.6917638538436547e-10
35	2.0314043717640185e-10
36	8.70310491063718e-10
37	9.107670770321278e-10
38	5.483028251103491e-10
39	3.389019164652023e-10
40	2.5769316692692717e-10
41	9.274998672728557e-10
42	9.690364937905484e-10
43	5.856635733466546e-10
44	3.6557654299133303e-10
45	2.7748900130301066e-10
46	1.1659003764807306e-09
47	1.212898766529366e-09
48	7.711627317701257e-10
49	5.214862866420134e-10
50	3.818567176094208e-10
51	1.6258504155212615e-09
52	1.6849879838124668e-09
53	1.1082429679647489e-09
54	7.862559416743888e-10
55	5.632371167192227e-10
56	1.8092229463044852e-09
57	1.874952081156679e-09
58	1.2472947071664995e-09
59	8.950239431152916e-10
60	6.3517711991683e-10
61	2.608420873837726e-09
62	2.715375910530952e-09
63	1.8923662946302493e-09
64	1.3999048414841671e-09
65	9.465947411449364e-10
66	3.097802301256727e-09
67	3.2377413337105556e-09
68	2.3027376858753467e-09
69	1.713514203699289e-09
70	1.1282928780952705e-09
71	3.937123665599284e-09
72	4.152259725950822e-09
73	3.0381433341765703e-09
74	2.252705170123594e-09
75	1.4140730187929324e-09
