#	x_axis	Th_all
1	2.0131798849420884e-10
2	2.8059690040392893e-10
3	2.7023171765824777e-10
4	2.0683883140769265e-10
5	1.2351883964201219e-10
6	1.5060620543346767e-10
7	2.1223077371514096e-10
8	2.035995654265036e-10
9	1.5219778149214112e-10
10	8.881989581097573e-11
11	1.561660582689082e-10
12	2.1937668654647342e-10
13	2.0997470459766968e-10
14	1.5712585680495946e-10
15	9.180078330025566e-11
16	1.7517350357984103e-10
17	2.4629880698973325e-10
18	2.3557593079903113e-10
19	1.7574060628982186e-10
20	1.0229299579849835e-10
21	1.9034213361978045e-10
22	2.6799042837073887e-10
23	2.5622158003655376e-10
24	1.9058440305792686e-10
25	1.1058923196909282e-10
26	2.05887285501335e-10
27	2.95980855775444e-10
28	2.82202110593943e-10
29	2.0210054005232205e-10
30	1.125625842514463e-10
31	1.9536285069534086e-10
32	2.7976285721261206e-10
33	2.6501567217755987e-10
34	1.8880669364655424e-10
35	1.0464750958607985e-10
36	2.2222223912039357e-10
37	3.1846223002759714e-10
38	3.0167515966770256e-10
39	2.1459133810802166e-10
40	1.186870408816256e-10
41	2.5343956348948727e-10
42	3.63723645484029e-10
43	3.442316638871826e-10
44	2.438830728244112e-10
45	1.342901704393875e-10
46	2.4607352328550434e-10
47	3.510676846380133e-10
48	3.2469828958216275e-10
49	2.2189097197199731e-10
50	1.1647514443224205e-10
51	2.8281928413573453e-10
52	4.0287550446324466e-10
53	3.70547719298618e-10
54	2.507887513678114e-10
55	1.299892457963465e-10
56	3.2361755322557297e-10
57	4.617876954644732e-10
58	4.248109555957046e-10
59	2.8695018946847266e-10
60	1.4858189649603726e-10
61	3.87818155930222e-10
62	5.487222378340596e-10
63	4.915832195072385e-10
64	3.1827308069469993e-10
65	1.5634174820421347e-10
66	4.397271674120714e-10
67	6.226476774730354e-10
68	5.577512379837901e-10
69	3.612108512122605e-10
70	1.787102239958853e-10
71	5.332837164622135e-10
72	7.534178272217329e-10
73	6.692134626646151e-10
74	4.290365470201052e-10
75	2.1287840078820042e-10
