#	x_axis	Th_all
1	4.3370262954387714e-10
2	5.367453259426302e-10
3	4.377047790968516e-10
4	2.673142047106948e-10
5	1.2096176178627722e-10
6	3.441578372916328e-10
7	4.209842298133028e-10
8	3.331499345112082e-10
9	1.9472525097869905e-10
10	8.57001603601805e-11
11	3.693158756395728e-10
12	4.521121968991209e-10
13	3.591556633435791e-10
14	2.1162404507060606e-10
15	9.373289907860811e-11
16	4.157979443955853e-10
17	5.083371047593846e-10
18	4.024817216783701e-10
19	2.355515143404231e-10
20	1.0348995832432136e-10
21	4.4640334287664457e-10
22	5.44897230006369e-10
23	4.2968604009420164e-10
24	2.4958791834472174e-10
25	1.0877701592451751e-10
26	4.24405019194893e-10
27	5.048545436517277e-10
28	3.7045683365947047e-10
29	1.8931149562232435e-10
30	7.374630390278475e-11
31	4.1875894632679555e-10
32	4.974241484672528e-10
33	3.653995514879116e-10
34	1.8902660469894952e-10
35	7.509729910414766e-11
36	4.758585549549011e-10
37	5.649792679420968e-10
38	4.1422927115399407e-10
39	2.1289732591797972e-10
40	8.373264511610242e-11
41	5.313435543648808e-10
42	6.288262286705356e-10
43	4.570446165009982e-10
44	2.3083311250642792e-10
45	8.897435060820923e-11
46	5.033249794401379e-10
47	5.849275333434817e-10
48	4.100017364862306e-10
49	1.9913452425065986e-10
50	7.57081487435467e-11
51	5.681717012514194e-10
52	6.585269389472956e-10
53	4.591577444336294e-10
54	2.2125307921245972e-10
55	8.372514161055139e-11
56	6.307438275776799e-10
57	7.295395108350944e-10
58	5.052469103007651e-10
59	2.394501120870389e-10
60	8.85891259592992e-11
61	7.294052306992902e-10
62	8.254229573672956e-10
63	5.460455784318657e-10
64	2.4382131753629877e-10
65	8.868245442800825e-11
66	7.967646716950084e-10
67	9.010211211354575e-10
68	5.94580376321071e-10
69	2.6332734366058115e-10
70	9.457028596247604e-11
71	9.163502479644822e-10
72	1.0252618976130097e-09
73	6.607697529421875e-10
74	2.8196309231388695e-10
75	9.920049015027049e-11
