#	x_axis	Th_all
1	1.0949063969157595e-09
2	1.189022468146221e-09
3	9.260105654574589e-10
4	6.769180724239615e-10
5	3.8023615961871955e-10
6	7.185325911103045e-13
7	1.3801007448710442e-11
8	1.7817511956637862e-11
9	-1.6344193398551425e-11
10	-3.54319347073384e-11
11	-5.087860949198027e-10
12	-5.428281825006043e-10
13	-4.3043447122455853e-10
14	-3.2797652123301925e-10
15	-1.915596587275291e-10
16	-8.968235233887502e-10
17	-9.64686604864348e-10
18	-7.654956850988832e-10
19	-5.577976514831052e-10
20	-3.0684226393858935e-10
21	-9.919918132681143e-10
22	-1.0677221773910055e-09
23	-8.460487730878776e-10
24	-6.112418318876261e-10
25	-3.328753740817184e-10
26	9.021452220563491e-10
27	9.969930771367083e-10
28	7.650423332982663e-10
29	4.865098615164022e-10
30	2.3052346646992246e-10
31	2.357912654337492e-10
32	2.5304329610638585e-10
33	1.6456920201380068e-10
34	1.0274526853462286e-10
35	6.866233631109075e-11
36	-3.286908180691901e-10
37	-3.7034782523868265e-10
38	-3.2217007272080175e-10
39	-1.7427415151781605e-10
40	-2.78798622785328e-11
41	-4.783602713485658e-10
42	-5.344080360400761e-10
43	-4.4819414738871696e-10
44	-2.4288578753737034e-10
45	-5.01862793808031e-11
46	8.126655347052277e-10
47	8.809983259050015e-10
48	6.280497710993599e-10
49	3.6595636763869363e-10
50	1.6941331793596738e-10
51	6.231465240035884e-10
52	6.741131600906355e-10
53	4.965901398379479e-10
54	3.4750731616866187e-10
55	2.0731586166836193e-10
56	3.445429859943217e-10
57	3.764287197804418e-10
58	3.044597648393863e-10
59	2.847031618023079e-10
60	2.1240886643226205e-10
61	1.7663166496491992e-09
62	1.9163314394295907e-09
63	1.4015192025202147e-09
64	8.446562199636488e-10
65	3.9614458334370234e-10
66	1.5929307606360964e-09
67	1.7425829973967622e-09
68	1.3239821053233933e-09
69	8.646302552789554e-10
70	4.3308305313059847e-10
71	2.0791100670115457e-09
72	2.265510207984299e-09
73	1.6872673208909277e-09
74	1.0419882696864714e-09
75	4.886056269755095e-10
