#	x_axis	Th_all
1	1.2014147234437384e-12
2	1.9567827547865174e-12
3	2.062166622248101e-12
4	1.6233015179856365e-12
5	1.0146171941542356e-12
6	9.529247274547775e-13
7	1.5644859049458823e-12
8	1.7376466927389608e-12
9	1.4708759440209937e-12
10	9.86223423416976e-13
11	4.031847893234642e-13
12	6.698925679315919e-13
13	8.557037502560385e-13
14	8.539783612125957e-13
15	6.515903646105838e-13
16	1.293958080995131e-13
17	2.0594487462682178e-13
18	3.7301195172032727e-13
19	4.9200504595166e-13
20	4.3513946435915183e-13
21	2.143134756982373e-13
22	3.038577373880653e-13
23	4.158880571832092e-13
24	4.798442085219673e-13
25	4.079068714595596e-13
26	8.544712517457802e-12
27	1.4121158172485902e-11
28	1.4769158608840664e-11
29	1.1320094180181026e-11
30	6.850637599559686e-12
31	1.0765587261971052e-11
32	1.7843447756498387e-11
33	1.8699540216149073e-11
34	1.4340332929932836e-11
35	8.670385225767693e-12
36	1.2224757401515375e-11
37	2.0378566354615028e-11
38	2.1526994889411755e-11
39	1.664881234483491e-11
40	1.0151001295362039e-11
41	1.2656659280170294e-11
42	2.1122782911805306e-11
43	2.2354257930423556e-11
44	1.7329311916187896e-11
45	1.060011881625672e-11
46	2.397627004000947e-11
47	3.909826958395968e-11
48	3.957468494018913e-11
49	2.9033971094054863e-11
50	1.6793718440235628e-11
51	3.553971852306018e-11
52	5.7743132341854435e-11
53	5.7953064792759096e-11
54	4.203856639905835e-11
55	2.4030318547443512e-11
56	3.9217183680846963e-11
57	6.373028820267615e-11
58	6.394870197802385e-11
59	4.638056177296814e-11
60	2.6526959489176135e-11
61	6.724365452055583e-11
62	1.073093852332116e-10
63	1.0424381046425738e-10
64	7.223906739617231e-11
65	3.8876140776297955e-11
66	8.122251158865639e-11
67	1.2891443318715935e-10
68	1.2399307582114545e-10
69	8.465759900327422e-11
70	4.457789260889149e-11
71	1.0900856730563905e-10
72	1.705464552953704e-10
73	1.6013696552271753e-10
74	1.0580975794775129e-10
75	5.3579813544931846e-11
