#	x_axis	Th_all
1	1.944546128034892e-11
2	2.8268467149942257e-11
3	2.506943476435896e-11
4	1.573427075777878e-11
5	7.714695401409488e-12
6	2.571020581277921e-11
7	3.6931104403919976e-11
8	3.2032132549938746e-11
9	1.9531868375370628e-11
10	9.328265575207362e-12
11	3.1908211666047274e-11
12	4.5434953210731507e-11
13	3.876194693015029e-11
14	2.3113523317068523e-11
15	1.0807187139330037e-11
16	3.848497562745328e-11
17	5.431838542724638e-11
18	4.5603838180995605e-11
19	2.6623904045131862e-11
20	1.221100844991286e-11
21	4.138976684667469e-11
22	5.814199264225992e-11
23	4.8423309085603703e-11
24	2.798920140645398e-11
25	1.273269809822762e-11
26	3.7603505101757586e-11
27	5.2877171593552507e-11
28	4.4109513943733863e-11
29	2.5552204413254385e-11
30	1.1651941356062047e-11
31	4.8856949094262636e-11
32	6.784862676795382e-11
33	5.5289260784407365e-11
34	3.100457916048908e-11
35	1.3704892577808582e-11
36	6.194630883738292e-11
37	8.497524722112368e-11
38	6.767061358785544e-11
39	3.6734431169703054e-11
40	1.5738473389553607e-11
41	6.805801726821481e-11
42	9.279755634421392e-11
43	7.309563962969761e-11
44	3.9080893100968846e-11
45	1.651059409164718e-11
46	6.705391123204885e-11
47	9.126442787815888e-11
48	7.173661427511486e-11
49	3.830141160094836e-11
50	1.619370868411248e-11
51	8.904064580842268e-11
52	1.1904814830468509e-10
53	9.05459064126225e-11
54	4.6113374222544445e-11
55	1.865071295581636e-11
56	1.0069875674247785e-10
57	1.3329560621596585e-10
58	9.955970691299267e-11
59	4.940105590319526e-11
60	1.951570601037231e-11
61	1.2437068523176829e-10
62	1.62303338756655e-10
63	1.1805908196054974e-10
64	5.631051200380603e-11
65	2.1454545792837732e-11
66	1.4476966982539976e-10
67	1.8631422180918264e-10
68	1.3209632862365933e-10
69	6.06240621772894e-11
70	2.232589102184057e-11
71	1.7261325929325415e-10
72	2.1814525576383013e-10
73	1.4957145659889326e-10
74	6.52255911977582e-11
75	2.302970703751808e-11
