#	x_axis	Th_all
1	4.183527601690475e-12
2	6.547370820376536e-12
3	5.9885594536059385e-12
4	3.786629673401504e-12
5	1.8467001503246097e-12
6	-8.988949832009907e-13
7	-1.5093635507436741e-12
8	-1.4935471671243268e-12
9	-1.0063927383437162e-12
10	-4.965349985424777e-13
11	-4.129446294628281e-12
12	-6.3616158284564406e-12
13	-5.656021112696087e-12
14	-3.4117490050549097e-12
15	-1.553126197993841e-12
16	-6.7030592466430614e-12
17	-1.0205770138294443e-11
18	-8.93181894862765e-12
19	-5.292909767364418e-12
20	-2.3760990837229756e-12
21	-7.435472403691821e-12
22	-1.1286998639204e-11
23	-9.83818262481332e-12
24	-5.80324947530851e-12
25	-2.5955235874662894e-12
26	6.167865405718302e-12
27	9.461546967678259e-12
28	8.465782562893092e-12
29	5.277089029791234e-12
30	2.595750375008245e-12
31	2.7213386755885287e-12
32	4.709470812654749e-12
33	4.955150179611116e-12
34	3.6923772256680215e-12
35	2.1086101075187534e-12
36	-7.689739022364006e-13
37	1.1792667286395756e-13
38	1.8509578041251578e-12
39	2.5309631144841746e-12
40	1.8954335949699545e-12
41	-1.928134539850622e-12
42	-1.3963674424250063e-12
43	8.378586426583365e-13
44	2.1595366269009713e-12
45	1.8304483500362053e-12
46	9.513234168608503e-12
47	1.4453810934910525e-11
48	1.2766986310526512e-11
49	7.836270830802096e-12
50	3.785765656677936e-12
51	1.0675243977599514e-11
52	1.679205934734148e-11
53	1.5508490728252352e-11
54	9.971826001727077e-12
55	4.99535800756977e-12
56	9.243501981084593e-12
57	1.5309661556276576e-11
58	1.503049543899379e-11
59	1.0243019007525878e-11
60	5.336795471707633e-12
61	2.4613960530446474e-11
62	3.6027865049213704e-11
63	2.997749866315376e-11
64	1.694703368720544e-11
65	7.518811755123184e-12
66	2.581062310966593e-11
67	3.8256749545456444e-11
68	3.234244973216338e-11
69	1.855599778991889e-11
70	8.247345928642812e-12
71	3.3735140387727985e-11
72	4.8621837610618334e-11
73	3.942750710790987e-11
74	2.1439865305807065e-11
75	9.05747677552829e-12
