#	x_axis	Th_all
1	1.1132610031330981e-10
2	1.590237802325422e-10
3	1.3163873236070779e-10
4	7.421975283482294e-11
5	3.244233386319203e-11
6	6.878326852116939e-11
7	9.488119867378436e-11
8	7.425625886757782e-11
9	3.8921166842571394e-11
10	1.5944464408679704e-11
11	6.296211963876465e-11
12	8.76628954592463e-11
13	6.98584197835315e-11
14	3.767715763977501e-11
15	1.5949926564756574e-11
16	6.466085716920183e-11
17	9.025386031545492e-11
18	7.224156014373276e-11
19	3.92108085386138e-11
20	1.6711216162474545e-11
21	6.930560103175052e-11
22	9.654336390412974e-11
23	7.698803420698688e-11
24	4.1551866147663435e-11
25	1.7596333405980176e-11
26	9.352236025109894e-11
27	1.2041777318237808e-10
28	8.304900404446523e-11
29	3.55129222686229e-11
30	1.1528541872571503e-11
31	7.174318818820903e-11
32	9.219224750344633e-11
33	6.376598129318329e-11
34	2.7769733163677345e-11
35	9.459106539650896e-12
36	6.801432887887393e-11
37	8.823085699448415e-11
38	6.213216108133526e-11
39	2.791261480506413e-11
40	9.881838276037803e-12
41	7.631120562478541e-11
42	9.860579502457835e-11
43	6.887370369357616e-11
44	3.047184655191868e-11
45	1.0568171419007786e-11
46	8.533809425570642e-11
47	1.0397445413552419e-10
48	6.545122919401654e-11
49	2.447439216768719e-11
50	7.230764313968784e-12
51	7.942047551571907e-11
52	9.707483901095651e-11
53	6.184600975854432e-11
54	2.4020283439902915e-11
55	7.745692699892937e-12
56	8.268674365708693e-11
57	1.0199568820048453e-10
58	6.600236437253046e-11
59	2.6221078137683447e-11
60	8.51750617773407e-12
61	1.0479640516433688e-10
62	1.2077057621948192e-10
63	6.882839856295842e-11
64	2.2040851866811966e-11
65	6.61409451625509e-12
66	1.015750061119848e-10
67	1.187813717356003e-10
68	7.000034756774932e-11
69	2.4221713152950957e-11
70	7.838457540107243e-12
71	1.1391431963432847e-10
72	1.310845843046461e-10
73	7.520162649961843e-11
74	2.5161062155611536e-11
75	8.42160412218256e-12
