#	x_axis	Th_all
1	2.3739359567796533e-10
2	3.1437594605030254e-10
3	2.7620247764892323e-10
4	1.802361228079405e-10
5	8.773461354082695e-11
6	-9.048146830462052e-12
7	-1.4164818236826818e-11
8	-2.1024785422127833e-11
9	-2.2229056789519488e-11
10	-1.4049337151899072e-11
11	-1.3869586386560793e-10
12	-1.8455883833802107e-10
13	-1.6615919202364777e-10
14	-1.0954543129995237e-10
15	-5.254529460489623e-11
16	-2.3872652404026017e-10
17	-3.1516068994024256e-10
18	-2.76622358527498e-10
19	-1.7556737845180876e-10
20	-8.179851459114618e-11
21	-2.6468731749421034e-10
22	-3.486998132330188e-10
23	-3.043583585723222e-10
24	-1.9165656771437849e-10
25	-8.874960391329713e-11
26	2.3081470360643602e-10
27	2.9762946476224103e-10
28	2.4180254253432715e-10
29	1.416542320711746e-10
30	6.443081579872368e-11
31	6.505820837907771e-11
32	8.275807906883955e-11
33	7.207121056226983e-11
34	5.333159337101717e-11
35	3.153575229534682e-11
36	-8.266545664469688e-11
37	-1.0294708433957936e-10
38	-6.550832930359391e-11
39	-9.383959706545831e-12
40	1.2253929214209995e-11
41	-1.2445167989238048e-10
42	-1.5488832496490053e-10
43	-1.0317357643574343e-10
44	-2.5802645628765503e-11
45	7.571675462440981e-12
46	2.406363235735742e-10
47	3.0422014515882083e-10
48	2.4055208539955863e-10
49	1.397520921950525e-10
50	6.395515994329884e-11
51	2.0650612472199183e-10
52	2.6983777488677964e-10
53	2.344324643083977e-10
54	1.5623246300479573e-10
55	8.032122585480354e-11
56	1.3352070805500843e-10
57	1.8638581975842372e-10
58	1.8817567950779445e-10
59	1.4767560379794053e-10
60	8.417502989239366e-11
61	5.557472066830119e-10
62	7.036157933857172e-10
63	5.514696733074415e-10
64	3.0847830444996915e-10
65	1.3443498693086268e-10
66	5.234953410398459e-10
67	6.761053012436085e-10
68	5.538806902331481e-10
69	3.2779040657788533e-10
70	1.486755694756704e-10
71	6.843451805903509e-10
72	8.702439930354664e-10
73	6.856604409122423e-10
74	3.8282175119822387e-10
75	1.6468347482460185e-10
