#	x_axis	Th_all
1	2.1001082204106288e-10
2	2.3116736149160844e-10
3	1.4618204420246028e-10
4	8.681126380805455e-11
5	6.217114114996648e-11
6	2.9435731514495615e-10
7	3.202892305733819e-10
8	2.0589033696725118e-10
9	1.297628733851309e-10
10	9.357363646978849e-11
11	3.68125379554514e-10
12	3.9846670001760995e-10
13	2.6084205795434603e-10
14	1.7092395863686898e-10
15	1.2252315693206876e-10
16	4.464348035197864e-10
17	4.82256374745938e-10
18	3.2139613407966685e-10
19	2.1624469989031843e-10
20	1.531507156359974e-10
21	4.820620521971683e-10
22	5.210585878937761e-10
23	3.504561123718046e-10
24	2.3758278464581126e-10
25	1.6663249606394043e-10
26	4.5214284756241576e-10
27	4.873683978880398e-10
28	3.238049077370475e-10
29	2.189581059598313e-10
30	1.5639604906240324e-10
31	6.049076912165843e-10
32	6.50506369043049e-10
33	4.4472048683519736e-10
34	3.1271674376508977e-10
35	2.195287891190411e-10
36	7.740436017774056e-10
37	8.327281199458467e-10
38	5.830616307326462e-10
39	4.199341355448432e-10
40	2.8944764096921394e-10
41	8.499990628296523e-10
42	9.155502500071092e-10
43	6.474232211234888e-10
44	4.692575592270234e-10
45	3.2030102607439407e-10
46	8.784978274882013e-10
47	9.474685220829684e-10
48	6.750226119905157e-10
49	4.914248836362424e-10
50	3.329799136471812e-10
51	1.2155245472671532e-09
52	1.318099902389568e-09
53	9.698993566187938e-10
54	7.178761362686306e-10
55	4.702558363729453e-10
56	1.3905585288610654e-09
57	1.513792632322248e-09
58	1.1291398348748828e-09
59	8.372554365128627e-10
60	5.383657997573822e-10
61	1.8221316466519473e-09
62	1.996069763097358e-09
63	1.5230624441453416e-09
64	1.1341722349729658e-09
65	7.075664335579455e-10
66	2.1911247391880335e-09
67	2.4165422777057623e-09
68	1.8720642622299133e-09
69	1.386482488028146e-09
70	8.400771887700524e-10
71	2.7561822404334136e-09
72	3.068392350704118e-09
73	2.4150070948110123e-09
74	1.7655925625357972e-09
75	1.0287427701001094e-09
