#	x_axis	Th_all
1	1.045971797677272e-11
2	1.687183928541278e-11
3	1.6157064046064283e-11
4	1.0853295167272711e-11
5	5.6562740871598975e-12
6	8.85606278516712e-12
7	1.4009882237323755e-11
8	1.3060988323822553e-11
9	8.506371516077799e-12
10	4.311834970962371e-12
11	9.707819429445312e-12
12	1.5361802246611846e-11
13	1.4333787446621169e-11
14	9.350312156917802e-12
15	4.748499801585067e-12
16	1.1213307328689723e-11
17	1.7671739607974646e-11
18	1.639478939592967e-11
19	1.0622227953887978e-11
20	5.360000413198648e-12
21	1.2177557253475933e-11
22	1.912348719734146e-11
23	1.7654155730099535e-11
24	1.1372064231309934e-11
25	5.707782351403548e-12
26	1.1966592063997924e-11
27	1.81495262278786e-11
28	1.589461127451428e-11
29	9.56344795979674e-12
30	4.481010065690081e-12
31	1.232732268551812e-11
32	1.8655015250873632e-11
33	1.6304190539336926e-11
34	9.804082252627837e-12
35	4.6012127733726865e-12
36	1.4647972794889493e-11
37	2.208594940506653e-11
38	1.9191014158971626e-11
39	1.1447896381704752e-11
40	5.3267349903612496e-12
41	1.660422018258755e-11
42	2.4909473754463805e-11
43	2.147694282470386e-11
44	1.2679224447019253e-11
45	5.8357869603490186e-12
46	1.5537287756195814e-11
47	2.2916249367849176e-11
48	1.9302481633985434e-11
49	1.1088972423764172e-11
50	4.972420594285786e-12
51	1.861236370854978e-11
52	2.725825830223329e-11
53	2.271546110834094e-11
54	1.2868876009338042e-11
55	5.6949045859223094e-12
56	2.130392743897236e-11
57	3.103236662233559e-11
58	2.5633910717688458e-11
59	1.4339052799536305e-11
60	6.254267526703833e-12
61	2.5195774695186905e-11
62	3.593503471488509e-11
63	2.8779175185898973e-11
64	1.5495391983309183e-11
65	6.563264315221814e-12
66	2.875187323440158e-11
67	4.0792759660951546e-11
68	3.239753247858858e-11
69	1.724416417661033e-11
70	7.228616174802019e-12
71	3.439653006276258e-11
72	4.814749393519847e-11
73	3.746835143530556e-11
74	1.9439840524576536e-11
75	8.010792029036518e-12
