#	x_axis	Th_all
1	1.5203331792692374e-10
2	1.6867665243609015e-10
3	1.2485484640661258e-10
4	8.984078181913029e-11
5	5.720009820064981e-11
6	-2.568565145443654e-11
7	-1.7286155029236343e-11
8	-1.522384914337467e-11
9	-2.6780527153695574e-11
10	-2.400991080991901e-11
11	-1.3870903264175936e-10
12	-1.4005976838567792e-10
13	-1.1556302140642989e-10
14	-1.0722865494238972e-10
15	-7.415862032963879e-11
16	-2.2974711793825387e-10
17	-2.3888079472613237e-10
18	-1.957640617155502e-10
19	-1.709490686610538e-10
20	-1.1373821010476356e-10
21	-2.5519562896552274e-10
22	-2.6642737448012957e-10
23	-2.1821721522802916e-10
24	-1.889755491225826e-10
25	-1.2494705304264428e-10
26	3.3131731456685776e-10
27	3.644200401476938e-10
28	2.5584457809680863e-10
29	1.752463840203488e-10
30	1.1716722304881606e-10
31	2.629724725483077e-10
32	2.800318743585719e-10
33	1.7164567341405332e-10
34	1.1130412214874185e-10
35	8.849566932792683e-11
36	1.8142978745355034e-10
37	1.7888819366902898e-10
38	7.435786014720583e-11
39	4.416992500288852e-11
40	6.371795181315683e-11
41	1.470903187617984e-10
42	1.4368619412566842e-10
43	3.3086264689964164e-11
44	2.494045071245015e-11
45	4.7908513651985245e-11
46	6.134105490854115e-10
47	6.713556328848097e-10
48	4.908149679040887e-10
49	3.5332329874516276e-10
50	2.2898390433446076e-10
51	7.835381542234987e-10
52	8.543360507935846e-10
53	6.374644674190358e-10
54	4.808757942179554e-10
55	3.1975328283905766e-10
56	7.792164045761146e-10
57	8.441341523799269e-10
58	6.29625819610205e-10
59	4.902476982027703e-10
60	3.3783914670975706e-10
61	1.5296274959137553e-09
62	1.7068718447854868e-09
63	1.3440398190558402e-09
64	9.836097385785416e-10
65	5.764555975645162e-10
66	1.7100516287377806e-09
67	1.9105563350718774e-09
68	1.5161378820253809e-09
69	1.1133694343795046e-09
70	6.424532389882277e-10
71	2.2228218844756436e-09
72	2.5073522103280827e-09
73	2.004633573581678e-09
74	1.4266148914943278e-09
75	7.787361398861297e-10
