#	x_axis	Th_all
1	3.45799130763493e-10
2	4.2174903948401743e-10
3	3.56098442214784e-10
4	2.432245074210848e-10
5	1.2663700624016295e-10
6	2.929515634299562e-10
7	3.566747746509426e-10
8	2.964200079190202e-10
9	1.9580378454323326e-10
10	9.927075953406318e-11
11	3.244894738856732e-10
12	3.9475615145912096e-10
13	3.2805767095500386e-10
14	2.169971040864757e-10
15	1.0996371128791191e-10
16	3.725388386087763e-10
17	4.5311480863845965e-10
18	3.7580983020552955e-10
19	2.4696363707626765e-10
20	1.2412512155815665e-10
21	4.0124481382700236e-10
22	4.87849044142973e-10
23	4.0371903393282453e-10
24	2.637749486946823e-10
25	1.3168729816103337e-10
26	3.6596448917296765e-10
27	4.4387188890634427e-10
28	3.567409301619229e-10
29	2.1695659115184996e-10
30	1.0114934008047581e-10
31	3.8434608643857736e-10
32	4.6477187778595487e-10
33	3.717739624113152e-10
34	2.2562093106930912e-10
35	1.0499516005651075e-10
36	4.547154638618984e-10
37	5.498265096552299e-10
38	4.388398441893019e-10
39	2.641359999839848e-10
40	1.215845463025464e-10
41	5.093660030231306e-10
42	6.153326716314097e-10
43	4.88876790201631e-10
44	2.90944687705722e-10
45	1.3204899024816811e-10
46	4.735815583667744e-10
47	5.660135699074984e-10
48	4.38599950979044e-10
49	2.53294258888624e-10
50	1.1188862482074885e-10
51	5.642537904902506e-10
52	6.728359535094043e-10
53	5.177117907247629e-10
54	2.9495247364831255e-10
55	1.2870098826955736e-10
56	6.383905851466375e-10
57	7.602056405341501e-10
58	5.81378200009668e-10
59	3.2628617501250825e-10
60	1.3947504827071929e-10
61	7.428595328922182e-10
62	8.751970677563426e-10
63	6.52120659764024e-10
64	3.5358465692310966e-10
65	1.4909957338468028e-10
66	8.400610788094099e-10
67	9.879050201438026e-10
68	7.31478924784934e-10
69	3.9126766478527893e-10
70	1.6243208144606972e-10
71	9.88629805281481e-10
72	1.1549279358757666e-09
73	8.404752710265005e-10
74	4.3742459217411515e-10
75	1.7802678547917997e-10
