#	x_axis	Th_all
1	2.4442160541176344e-09
2	2.5754219810446504e-09
3	1.8756441544897875e-09
4	1.194477673726271e-09
5	5.607776763285294e-10
6	1.626549523664352e-09
7	1.6972960938511109e-09
8	1.2034383924403472e-09
9	7.177450119897453e-10
10	3.1470068861177983e-10
11	1.6082598832476086e-09
12	1.6810949663849784e-09
13	1.1960860036997784e-09
14	7.276048835836127e-10
15	3.3003804663997294e-10
16	1.7213880007541602e-09
17	1.79912356438989e-09
18	1.2811708136749436e-09
19	7.811136835648799e-10
20	3.547545146706127e-10
21	1.8396537549780659e-09
22	1.9205909871685363e-09
23	1.365883229866958e-09
24	8.284623571994614e-10
25	3.7259182168474553e-10
26	1.997127197049323e-09
27	2.0281718118377476e-09
28	1.350349553869776e-09
29	6.746543035834477e-10
30	2.2644382146011006e-10
31	1.70406515612154e-09
32	1.7281254757460143e-09
33	1.1433177835039929e-09
34	5.79425645852305e-10
35	2.0830981824032555e-10
36	1.7527029343845353e-09
37	1.7826337113655044e-09
38	1.1886822964579673e-09
39	6.133060715533512e-10
40	2.256530297554979e-10
41	1.9524076972856403e-09
42	1.9807829226519924e-09
43	1.314740088872685e-09
44	6.68250336850235e-10
45	2.3867803863978736e-10
46	1.9900635382220465e-09
47	1.9647825742345377e-09
48	1.214590683243204e-09
49	5.480603863642012e-10
50	1.815723951946719e-10
51	2.0061791495805735e-09
52	1.9819077208077568e-09
53	1.229598535541214e-09
54	5.685201335695703e-10
55	1.9988583741482864e-10
56	2.1446478804713127e-09
57	2.1240299862799983e-09
58	1.3275552898942088e-09
59	6.172708554168667e-10
60	2.1300598727520316e-10
61	2.5453249935994505e-09
62	2.4392279042070437e-09
63	1.4017939185145828e-09
64	5.693957463895422e-10
65	1.9316273158781506e-10
66	2.5961318247367104e-09
67	2.5020441936123937e-09
68	1.4637085564431245e-09
69	6.178910133728052e-10
70	2.134161677378509e-10
71	2.9136669036130593e-09
72	2.7799942358229016e-09
73	1.5899577234592827e-09
74	6.50255471654519e-10
75	2.238707944890279e-10
