#	x_axis	Th_all
1	3.6113074133391113e-09
2	3.7019377558953814e-09
3	2.5193572589483532e-09
4	1.879252989751823e-09
5	1.3048320444019948e-09
6	2.289898781619685e-09
7	2.3777818125986686e-09
8	1.690529087037839e-09
9	1.2487701541275116e-09
10	8.016674689584192e-10
11	2.234820914712364e-09
12	2.3154158306522043e-09
13	1.619328254350348e-09
14	1.1860182459718129e-09
15	7.75233825841067e-10
16	2.380496936542851e-09
17	2.4646683610456155e-09
18	1.7223810944929714e-09
19	1.2622184983669053e-09
20	8.264117557000608e-10
21	2.552119816851346e-09
22	2.6426526687947373e-09
23	1.8540174514646606e-09
24	1.361027942335148e-09
25	8.863070967291102e-10
26	2.8627027818504643e-09
27	3.0305749177125427e-09
28	2.320925724556361e-09
29	1.691676385795081e-09
30	9.41259921843437e-10
31	2.4208569429298827e-09
32	2.5631859137739283e-09
33	1.9306379459028615e-09
34	1.3754845319834457e-09
35	7.628292578885778e-10
36	2.503701320037406e-09
37	2.6476103680591778e-09
38	1.990676946686998e-09
39	1.4245418765325393e-09
40	7.984475372686118e-10
41	2.8125233116071455e-09
42	2.9763285029373292e-09
43	2.2491360215963097e-09
44	1.6097035242096416e-09
45	8.936254736333108e-10
46	2.8682268075694028e-09
47	3.055204987541601e-09
48	2.2816439166285223e-09
49	1.5148889570107637e-09
50	7.570106973926837e-10
51	2.9418599623636196e-09
52	3.1285591258339225e-09
53	2.320585167048604e-09
54	1.5332840491604788e-09
55	7.741064524971737e-10
56	3.2045889832132948e-09
57	3.408749704423845e-09
58	2.542260010243081e-09
59	1.6943097130674805e-09
60	8.579880250068194e-10
61	3.8250750792935975e-09
62	4.078017204105771e-09
63	2.990159057851567e-09
64	1.8597392977102373e-09
65	8.768959381411112e-10
66	4.008659330571454e-09
67	4.271145238987407e-09
68	3.140668386956751e-09
69	1.9808481162022506e-09
70	9.567177934623967e-10
71	4.6144449307013655e-09
72	4.918554379149103e-09
73	3.606213116751451e-09
74	2.252067873922086e-09
75	1.0902423972941945e-09
