#	x_axis	Th_all
1	8.138169852223525e-10
2	8.552383947667926e-10
3	5.421045745193138e-10
4	3.794436362056091e-10
5	2.9791377777596925e-10
6	-1.4190010541776842e-10
7	-1.1631918063178906e-10
8	-2.0816000585316643e-11
9	-4.308375392705712e-12
10	-3.949706596168815e-11
11	-6.241669900277436e-10
12	-6.105208683821455e-10
13	-3.6030194214421375e-10
14	-2.7332948359527274e-10
15	-2.4518626854418486e-10
16	-1.006977614195944e-09
17	-1.0046523343433826e-09
18	-6.299133520752563e-10
19	-4.817127181604205e-10
20	-4.0214747321251044e-10
21	-1.1097439602350783e-09
22	-1.1107674131342055e-09
23	-7.033738793646788e-10
24	-5.384979681765982e-10
25	-4.4422909087999517e-10
26	9.222441965053173e-10
27	1.0181214989565845e-09
28	7.042305469181847e-10
29	4.72189913252554e-10
30	3.112570776734683e-10
31	4.3636806982794886e-10
32	4.999882386759669e-10
33	2.750096555137029e-10
34	9.715949745290284e-11
35	6.686619494201754e-11
36	-2.1803792467547307e-11
37	-3.1183315475873983e-12
38	-1.5722699511540192e-10
39	-2.642701741034765e-10
40	-1.3953684626474134e-10
41	-1.7039448526642285e-10
42	-1.6589137908985444e-10
43	-2.9758235372935144e-10
44	-3.7850390536500514e-10
45	-2.0389815341720692e-10
46	1.2705889366324033e-09
47	1.3913081157946478e-09
48	9.341807352770857e-10
49	6.04267969675177e-10
50	4.0273944713770964e-10
51	1.406132690908287e-09
52	1.5055037375921454e-09
53	9.57270588903265e-10
54	6.381915774775612e-10
55	4.905732736941121e-10
56	1.220739724656673e-09
57	1.278830881461892e-09
58	7.443591840472901e-10
59	4.939279236205569e-10
60	4.407519907643125e-10
61	3.155176671429959e-09
62	3.4179047384726333e-09
63	2.4543818757347148e-09
64	1.7872378879228108e-09
65	1.1931232030514222e-09
66	3.3108225338702113e-09
67	3.5528641020029026e-09
68	2.5231331255247335e-09
69	1.8588256215122663e-09
70	1.2502938063707379e-09
71	4.362212176589417e-09
72	4.739744988140385e-09
73	3.4976703053959664e-09
74	2.5778348863575437e-09
75	1.6448079068757194e-09
