#	x_axis	Th_all
1	3.0865272702491746e-09
2	3.1176961289830456e-09
3	2.173052034398955e-09
4	1.5489301238385795e-09
5	8.913546327360872e-10
6	5.208635523735508e-11
7	7.01506107787777e-11
8	8.08241188356093e-11
9	-7.829490091184308e-12
10	-8.57823437064587e-11
11	-1.3370583102306747e-09
12	-1.3160535067544189e-09
13	-9.233906379093527e-10
14	-6.970299054954191e-10
15	-4.2985626503783877e-10
16	-2.3898552176661956e-09
17	-2.3621883277731205e-09
18	-1.6700766152038601e-09
19	-1.1996985925740848e-09
20	-6.819031871682328e-10
21	-2.6448619986579848e-09
22	-2.613650985378402e-09
23	-1.84658172977495e-09
24	-1.3141354236624193e-09
25	-7.375823458101823e-10
26	2.570453421512358e-09
27	2.608626863525047e-09
28	1.8143355923363635e-09
29	1.1120068115851661e-09
30	5.00006400682644e-10
31	7.605804234896255e-10
32	7.921749629871926e-10
33	4.838105270723363e-10
34	2.709505752972754e-10
35	1.7431347530893633e-10
36	-7.390800509153876e-10
37	-6.860417246160248e-10
38	-5.638085338345249e-10
39	-3.0542283057709125e-10
40	8.770526240885926e-12
41	-1.120145860145861e-09
42	-1.0577392492430024e-09
43	-8.232082722237593e-10
44	-4.4056041328153726e-10
45	-2.6210437635638372e-11
46	2.272235536639976e-09
47	2.277374522561104e-09
48	1.4666362952426536e-09
49	7.984825340766505e-10
50	3.6018829765474475e-10
51	1.713165126847935e-09
52	1.748824902681117e-09
53	1.1511016910046412e-09
54	7.534047899069101e-10
55	4.626014607471831e-10
56	9.69265769293798e-10
57	1.0440147720071018e-09
58	7.364688917975652e-10
59	6.320887708869463e-10
60	4.88363389609335e-10
61	4.6024649386605455e-09
62	4.56916639787518e-09
63	2.9875063421146595e-09
64	1.7007870103501871e-09
65	7.862956588870645e-10
66	4.0366810091819894e-09
67	4.0613647820041965e-09
68	2.7548368854197913e-09
69	1.7262726679863485e-09
70	8.658889329554316e-10
71	5.122565925099117e-09
72	5.1057292340011715e-09
73	3.401983353960078e-09
74	2.0214641835458228e-09
75	9.489361405162496e-10
