#	x_axis	Th_all
1	9.02803721636818e-11
2	1.0165826013826452e-10
3	6.558138386169645e-11
4	3.693186096711221e-11
5	2.4458780791606058e-11
6	1.3178050191258138e-10
7	1.4525356239072198e-10
8	9.213995837350239e-11
9	5.4763750875561554e-11
10	3.914172599473532e-11
11	1.3853074095397225e-10
12	1.523458694115368e-10
13	9.570493688883766e-11
14	5.671852980615429e-11
15	4.1347079230909806e-11
16	1.49173497906804e-10
17	1.636109134644547e-10
18	1.0243991851653832e-10
19	6.050099542663842e-11
20	4.4149020382602744e-11
21	1.554675820894279e-10
22	1.7027517048001443e-10
23	1.0660494197644031e-10
24	6.251924735338022e-11
25	4.520827262044681e-11
26	3.987567601610323e-10
27	4.2486627272435795e-10
28	2.931896757396916e-10
29	2.0429045659095508e-10
30	1.3517348521672592e-10
31	5.014248324048665e-10
32	5.327874079716468e-10
33	3.7352278154477535e-10
34	2.647869724149413e-10
35	1.7211442888421617e-10
36	5.875558459260691e-10
37	6.230045931992245e-10
38	4.403316219809942e-10
39	3.1642467285815614e-10
40	2.0496231961851012e-10
41	6.156397465657174e-10
42	6.523818042206513e-10
43	4.618935128023511e-10
44	3.3293081020498564e-10
45	2.15508851619845e-10
46	8.350801514124144e-10
47	8.900964768814123e-10
48	6.503882857920121e-10
49	4.5723967546487583e-10
50	2.7022150020046255e-10
51	1.140832692550316e-09
52	1.2177504021361346e-09
53	9.038711451667447e-10
54	6.323183402605315e-10
55	3.588565897752286e-10
56	1.2457112202990205e-09
57	1.330382080257262e-09
58	9.915654429829743e-10
59	6.932179075422142e-10
60	3.8971377823048864e-10
61	1.8219677562338748e-09
62	1.9499674721796248e-09
63	1.4621721484500656e-09
64	9.838937817244603e-10
65	5.110018981554356e-10
66	2.116347849416328e-09
67	2.2664118529506095e-09
68	1.7006021068499744e-09
69	1.1269085261877939e-09
70	5.677156301397011e-10
71	2.625171386371787e-09
72	2.8098136195366323e-09
73	2.093558490083149e-09
74	1.3382120505887327e-09
75	6.395733237261971e-10
