#	x_axis	Th_all
1	2.865327291189542e-10
2	3.6858569987981375e-10
3	3.3493895095731325e-10
4	2.585787801695561e-10
5	1.562350212218107e-10
6	-8.081581836539962e-12
7	-3.459696398911699e-12
8	-5.396726282863489e-13
9	-7.698489489874093e-12
10	-1.0337039603814297e-11
11	-1.6068844928828621e-10
12	-2.0529908371871461e-10
13	-1.8992179679176821e-10
14	-1.5036456290051777e-10
15	-9.251685901754507e-11
16	-2.787054200606776e-10
17	-3.606946804686055e-10
18	-3.339037744805882e-10
19	-2.572389252825083e-10
20	-1.5305682811069927e-10
21	-3.0909880640903765e-10
22	-4.0076694073635625e-10
23	-3.7068972413765475e-10
24	-2.839874975977236e-10
25	-1.6791307970066144e-10
26	2.6200167603776223e-10
27	3.485500815650337e-10
28	3.1524398399993224e-10
29	2.2551500248851709e-10
30	1.2631430728648272e-10
31	5.7280318560523624e-11
32	6.654728180816189e-11
33	4.7224435613517896e-11
34	3.162259296458333e-11
35	2.064957867870474e-11
36	-1.2927732004541348e-10
37	-1.8993847771291312e-10
38	-1.8935928004386526e-10
39	-1.2627069939081476e-10
40	-5.4853584914985903e-11
41	-1.8316380968387443e-10
42	-2.6373158638105864e-10
43	-2.5658941791691855e-10
44	-1.7003187343712103e-10
45	-7.509196389376904e-11
46	2.646457719216567e-10
47	3.437627590893278e-10
48	2.937092473097474e-10
49	1.9610934728971406e-10
50	1.0120411180432031e-10
51	2.140517829915047e-10
52	2.723786909873332e-10
53	2.409250934984146e-10
54	1.855229459680348e-10
55	1.1872786001631176e-10
56	1.1687110421605851e-10
57	1.4161391758029703e-10
58	1.3617683748349774e-10
59	1.348401828371347e-10
60	1.0758681619720125e-10
61	6.560438928336818e-10
62	8.682838771048013e-10
63	7.695439454691141e-10
64	5.33497999324686e-10
65	2.906388532245258e-10
66	6.181444792188155e-10
67	8.194040009898835e-10
68	7.428093833553418e-10
69	5.349983330040299e-10
70	2.972598410700474e-10
71	8.523548144995477e-10
72	1.1344059265972839e-09
73	1.0122293511736247e-09
74	6.980940784003366e-10
75	3.6816408852676224e-10
