#	x_axis	Th_all
1	1.5112279522701295e-09
2	1.5184743166800145e-09
3	9.967508084067703e-10
4	6.558300606168915e-10
5	3.7831993548528124e-10
6	1.492399282335721e-09
7	1.4930078496831986e-09
8	9.76320682999853e-10
9	6.256135921509828e-10
10	3.468667312813249e-10
11	1.7249760238008271e-09
12	1.7190503157591237e-09
13	1.1236499134206265e-09
14	7.210124231157889e-10
15	3.9691374384170153e-10
16	2.0016645597326705e-09
17	1.985560775848562e-09
18	1.2973493708198402e-09
19	8.292766891000988e-10
20	4.4863079746074626e-10
21	2.139690099794864e-09
22	2.1169544946530516e-09
23	1.3819226230246544e-09
24	8.799562460721863e-10
25	4.711394452580528e-10
26	1.8219343261441606e-09
27	1.7927011437973049e-09
28	1.1619938165114842e-09
29	7.025057715140947e-10
30	3.4717296920231913e-10
31	2.0828509631493333e-09
32	2.0409642976853527e-09
33	1.3178553013324163e-09
34	7.936973143348005e-10
35	3.8973290883656214e-10
36	2.509555255246898e-09
37	2.444499221362454e-09
38	1.5760617437492e-09
39	9.3981107011843e-10
40	4.466564946422686e-10
41	2.7632135077292446e-09
42	2.680876542065046e-09
43	1.7240280512748058e-09
44	1.0177657404849387e-09
45	4.72529174089006e-10
46	2.5806493144833717e-09
47	2.496479192603623e-09
48	1.5835764906937782e-09
49	9.19889444819334e-10
50	4.3306981493794216e-10
51	3.1534650108332746e-09
52	3.0274997998765186e-09
53	1.908542484288779e-09
54	1.0885416785940838e-09
55	4.933684046190986e-10
56	3.525945625515032e-09
57	3.367654601843654e-09
58	2.111471018736795e-09
59	1.1836450248485532e-09
60	5.189437255572376e-10
61	4.080075072346928e-09
62	3.85976350722582e-09
63	2.3812890314283025e-09
64	1.2966004595353024e-09
65	5.550618581397156e-10
66	4.604468910546189e-09
67	4.330711531615349e-09
68	2.6511365735098177e-09
69	1.4134642233910635e-09
70	5.837976930781757e-10
71	5.3250280287995945e-09
72	4.962000530468334e-09
73	2.9895558057970096e-09
74	1.5403043921482553e-09
75	6.095372697373392e-10
