# x_axis	Th_all
1	1.1091426767113285e-09
2	1.019590753998697e-09
3	6.44363611969308e-10
4	4.1657299253779154e-10
5	2.024911020799063e-10
6	-9.602940312107341e-11
7	-7.024053718515068e-11
8	-5.2364245327458854e-11
9	-7.617020258147802e-11
10	-5.571423403290475e-11
11	-7.167658928683928e-10
12	-6.104309058405417e-10
13	-4.0020212571468563e-10
14	-2.8827177986771226e-10
15	-1.3801845486617885e-10
16	-1.2035698515881094e-09
17	-1.0323258554480458e-09
18	-6.680748302461475e-10
19	-4.4963766314045776e-10
20	-2.0169722193628016e-10
21	-1.3340097318021702e-09
22	-1.143825629513912e-09
23	-7.375063231930142e-10
24	-4.901003018935636e-10
25	-2.171656189608788e-10
26	1.324475623722181e-09
27	1.212471290041622e-09
28	7.276510658622646e-10
29	4.153973190607047e-10
30	1.9867960568308045e-10
31	6.928545158358381e-10
32	6.811688057614252e-10
33	4.0366178353416106e-10
34	2.618295752629473e-10
35	1.83209490083539e-10
36	1.3426835832728883e-10
37	2.336062549165182e-10
38	1.5104551158744923e-10
39	1.7789048978182111e-10
40	2.0323957308025673e-10
41	-3.1976935706532304e-11
42	1.0332985937730109e-10
43	7.885309375836635e-11
44	1.5688148085646423e-10
45	2.1059328154027585e-10
46	1.6467166393042724e-09
47	1.4925801245203536e-09
48	8.720139048708803e-10
49	4.991519543519887e-10
50	2.5598789265436253e-10
51	1.7246302100973808e-09
52	1.6042995120273337e-09
53	9.887334990224777e-10
54	6.38233696754016e-10
55	3.52870091284691e-10
56	1.4950136137841895e-09
57	1.4469736987846861e-09
58	9.453683902247684e-10
59	6.753667518887074e-10
60	3.956838044158315e-10
61	3.5083379824495477e-09
62	3.0847471496022494e-09
63	1.800985341436781e-09
64	9.960267729101207e-10
65	4.3291119552950044e-10
66	3.5270551647139344e-09
67	3.1464220788319293e-09
68	1.8989003802042774e-09
69	1.1053392184173027e-09
70	4.839653764886079e-10
71	4.3390618795545204e-09
72	3.79654517254384e-09
73	2.2228118844946767e-09
74	1.2118880002335024e-09
75	4.895060150266789e-10
