#	x_axis	Th_all
1	6.168346280339142e-11
2	8.138082174593343e-11
3	6.478119896270828e-11
4	3.541239312288043e-11
5	1.490521616653986e-11
6	-8.026220733697044e-12
7	-1.2266401583905945e-11
8	-1.170708614058955e-11
9	-6.664405613098285e-12
10	-2.1652106342691494e-12
11	-4.9368723321552446e-11
12	-6.476291913742787e-11
13	-5.028166443838919e-11
14	-2.441555162655357e-11
15	-8.149524371053667e-12
16	-8.208269583881121e-11
17	-1.0605716322071632e-10
18	-8.039697110489501e-11
19	-3.820500112374669e-11
20	-1.2812578178363076e-11
21	-9.126298383263717e-11
22	-1.1747634525284533e-10
23	-8.850938410156937e-11
24	-4.1780745000676906e-11
25	-1.3982838292537456e-11
26	8.816424597849677e-11
27	1.1340777520912597e-10
28	8.74866336078864e-11
29	4.744638978331795e-11
30	2.0686267455624315e-11
31	4.601568991252592e-11
32	6.408448606938817e-11
33	5.871550444715707e-11
34	3.991927007062047e-11
35	2.058499921185022e-11
36	6.085360827101494e-12
37	2.009263435322468e-11
38	3.671820232858852e-11
39	3.743133593664573e-11
40	2.2742169006880497e-11
41	-6.471166909142173e-12
42	6.475064670882615e-12
43	3.0069440869171686e-11
44	3.6855003571986734e-11
45	2.3480108477106207e-11
46	1.2201923568639583e-10
47	1.5592596109434167e-10
48	1.1942447469661405e-10
49	6.437864409843993e-11
50	2.7985189072015963e-11
51	1.3190369189193823e-10
52	1.7512975846481605e-10
53	1.4275156406291755e-10
54	8.181649226155963e-11
55	3.642915369999806e-11
56	1.1519125195101311e-10
57	1.60917962893393e-10
58	1.4157057598396557e-10
59	8.70756384629173e-11
60	3.989120076538886e-11
61	2.7665013993369705e-10
62	3.433775476674292e-10
63	2.4469685668401647e-10
64	1.1637162478008164e-10
65	4.4735983618517595e-11
66	2.819636968790136e-10
67	3.562950920500099e-10
68	2.612588544541755e-10
69	1.2780965590949455e-10
70	4.899808300986498e-11
71	3.523898093361739e-10
72	4.339375311458122e-10
73	3.026794229622835e-10
74	1.3790550061088276e-10
75	5.012562760794165e-11
