#	x_axis	Th_all
1	2.8086799724836735e-11
2	3.837963517513365e-11
3	2.8766942974367435e-11
4	1.3819637297727371e-11
5	4.9735609588814025e-12
6	-2.3918681341804345e-13
7	-1.5855680142199496e-12
8	-2.6333660639355827e-12
9	-2.1598072291995235e-12
10	-9.862329953831607e-13
11	-1.5320103900762037e-11
12	-2.0982146296275806e-11
13	-1.5650101439380414e-11
14	-7.247160494826936e-12
15	-2.3397900000578833e-12
16	-2.685573026460706e-11
17	-3.5734327064436354e-11
18	-2.5498620641078168e-11
19	-1.1105381548718224e-11
20	-3.3974175015144514e-12
21	-2.983760292751824e-11
22	-3.94513817550359e-11
23	-2.7881002452320807e-11
24	-1.198438604809084e-11
25	-3.6298925582255444e-12
26	2.8860194229380997e-11
27	3.658534836333386e-11
28	2.4387583006258006e-11
29	1.008329035373277e-11
30	3.4542056666437504e-12
31	9.631790447687771e-12
32	1.4000717187835851e-11
33	1.201296088727187e-11
34	7.328789114334655e-12
35	3.6045905637120535e-12
36	-6.879466604659403e-12
37	-4.0408678516607395e-12
38	3.74384393073221e-12
39	6.77776031762801e-12
40	4.491085128656594e-12
41	-1.125890338331851e-11
42	-8.705794964059355e-12
43	1.7404414921123894e-12
44	6.763052031740715e-12
45	4.762853332734953e-12
46	2.9004033348155976e-11
47	3.61854222124614e-11
48	2.4003663043462705e-11
49	1.0416464623364073e-11
50	4.142897879543782e-12
51	2.4086090012207566e-11
52	3.3260758315306885e-11
53	2.5950470485990667e-11
54	1.3785313019574276e-11
55	5.953084290222054e-12
56	1.5836409230686952e-11
57	2.596258706765764e-11
58	2.4597356706217497e-11
59	1.5325783469442704e-11
60	6.8260569202070966e-12
61	6.007539483733939e-11
62	7.290697705436019e-11
63	4.561864607069462e-11
64	1.7679957912904737e-11
65	6.321032458893329e-12
66	5.4264980882015134e-11
67	6.930491802982094e-11
68	4.7109406550926295e-11
69	2.0291455269517007e-11
70	7.211960917145185e-12
71	6.782750453804968e-11
72	8.343124791375723e-11
73	5.324329739952656e-11
74	2.0942835941148535e-11
75	7.129969442838883e-12
