#	x_axis	Th_all
1	2.7564016702647535e-09
2	2.6826301955631425e-09
3	1.7870176985989703e-09
4	1.1740763152277985e-09
5	6.032488230076631e-10
6	1.962732362048665e-09
7	1.8950626204362757e-09
8	1.243464145933073e-09
9	7.727700506620259e-10
10	3.7029625747417623e-10
11	2.025918519764401e-09
12	1.958784922342613e-09
13	1.284895997786105e-09
14	8.081932062460914e-10
15	3.978018258080873e-10
16	2.2209123943638873e-09
17	2.144238261615145e-09
18	1.4062969465252509e-09
19	8.842360124184301e-10
20	4.333483795600472e-10
21	2.373958051184861e-09
22	2.287618105762871e-09
23	1.4989576492577907e-09
24	9.38390210661159e-10
25	4.5501308030303496e-10
26	2.3314384074590593e-09
27	2.187519173111851e-09
28	1.382519329856292e-09
29	7.453595525961395e-10
30	2.7556821458924617e-10
31	2.142722314142913e-09
32	2.011518803272969e-09
33	1.2613660312465623e-09
34	6.846600751182957e-10
35	2.6868778829275816e-10
36	2.321147489647851e-09
37	2.1800495784939216e-09
38	1.3715103173233967e-09
39	7.496348565171249e-10
40	2.952583028362963e-10
41	2.5814465643291304e-09
42	2.415640930485457e-09
43	1.5140835205704667e-09
44	8.1653679402236e-10
45	3.1161851817247087e-10
46	2.5043915707522778e-09
47	2.2980532378311576e-09
48	1.3674968853266058e-09
49	6.757552533492614e-10
50	2.4767305649307517e-10
51	2.674890519431215e-09
52	2.4516252624922784e-09
53	1.4569359096825892e-09
54	7.254358548626157e-10
55	2.7270188190140683e-10
56	2.9162059328153345e-09
57	2.6706904968562337e-09
58	1.590111766073364e-09
59	7.883626394125928e-10
60	2.8793239414712486e-10
61	3.3618682780261153e-09
62	3.0009335144779944e-09
63	1.6816217845995784e-09
64	7.549464299777883e-10
65	2.7001300380564785e-10
66	3.560753370274483e-09
67	3.1841127797166183e-09
68	1.797895207086937e-09
69	8.194428859548024e-10
70	2.9254524855219335e-10
71	4.028610403533079e-09
72	3.5655462586873345e-09
73	1.9711686116417324e-09
74	8.68767374979902e-10
75	3.0474834510963005e-10
