#	x_axis	Th_all
1	9.469388849530318e-10
2	9.781428270191398e-10
3	6.826361994376305e-10
4	5.042924165746412e-10
5	3.3448925524980874e-10
6	7.942003108224981e-10
7	8.275692505466765e-10
8	5.899765351368171e-10
9	4.2792089801315806e-10
10	2.6903584993645806e-10
11	8.858924739109779e-10
12	9.214841465480065e-10
13	6.554804368785253e-10
14	4.759614470833848e-10
15	3.0019597497208195e-10
16	1.0184348548694459e-09
17	1.0591766057228088e-09
18	7.573665747248407e-10
19	5.502335758213617e-10
20	3.4344717313527963e-10
21	1.0960326096104646e-09
22	1.1401677743426103e-09
23	8.181367935898611e-10
24	5.93781356691538e-10
25	3.676519603287754e-10
26	9.625602254795744e-10
27	1.0164929207969646e-09
28	7.589839585926512e-10
29	5.359662109831237e-10
30	2.998233508619165e-10
31	1.0291038595679354e-09
32	1.0855473222179275e-09
33	8.056049113707852e-10
34	5.649484340695693e-10
35	3.164452670931184e-10
36	1.2285208245658587e-09
37	1.2963353633917944e-09
38	9.679857582650991e-10
39	6.785846334862245e-10
40	3.748242818948249e-10
41	1.3749176621419689e-09
42	1.4520080781266532e-09
43	1.0889977547171724e-09
44	7.609044033945865e-10
45	4.1454163102516404e-10
46	1.271551002291956e-09
47	1.343417715659947e-09
48	9.931037473426124e-10
49	6.718603228579026e-10
50	3.585217801132471e-10
51	1.5405560164727856e-09
52	1.627949927033971e-09
53	1.2066559968313054e-09
54	8.092475754085053e-10
55	4.22334927812408e-10
56	1.753621370596731e-09
57	1.855303644341094e-09
58	1.3807659954209924e-09
59	9.200858202684427e-10
60	4.710487100711575e-10
61	2.0419214879360207e-09
62	2.158063114812304e-09
63	1.5907321540973199e-09
64	1.026864143744512e-09
65	5.062717673993732e-10
66	2.3423000432733103e-09
67	2.4773078958704474e-09
68	1.8289836840483572e-09
69	1.1703915470793316e-09
70	5.66390484378491e-10
71	2.7878877187103842e-09
72	2.9484542501768572e-09
73	2.168407326301021e-09
74	1.3591140885078329e-09
75	6.399277963087614e-10
