#	x_axis	Th_all
1	3.2740407469321274e-11
2	4.7479663024029836e-11
3	3.938558993498503e-11
4	2.1898418185421014e-11
5	9.231017240949362e-12
6	-1.9492523091848904e-12
7	-4.0827706245061275e-12
8	-4.920753766863474e-12
9	-3.731706685599366e-12
10	-1.879842900765327e-12
11	-2.1632525943329987e-11
12	-3.132383981089594e-11
13	-2.575494074056199e-11
14	-1.3865304345259547e-11
15	-5.4832861291911904e-12
16	-3.6907741789157795e-11
17	-5.233435892419673e-11
18	-4.171119243139407e-11
19	-2.159092769690448e-11
20	-8.244198872102205e-12
21	-4.101377746648787e-11
22	-5.78698789158906e-11
23	-4.578842503489023e-11
24	-2.3489055675553768e-11
25	-8.904736904690968e-12
26	3.707387655643613e-11
27	5.1012979792112905e-11
28	3.921069106614104e-11
29	2.0019704867116207e-11
30	8.131981265673412e-12
31	1.2858743542443996e-11
32	1.9984000271658628e-11
33	1.8943877838136555e-11
34	1.2832525886464653e-11
35	6.796574876085342e-12
36	-8.979117464333813e-12
37	-6.4091427974330315e-12
38	3.731291740820123e-12
39	9.066675289378763e-12
40	7.011358537588281e-12
41	-1.5224790546400056e-11
42	-1.3822979194407627e-11
43	-3.9239527354739913e-13
44	8.169908876787268e-12
45	7.1392529485547095e-12
46	4.2036202825599686e-11
47	5.72161134379945e-11
48	4.373125769694687e-11
49	2.2665623742084017e-11
50	9.69547469769304e-12
51	3.836397240670127e-11
52	5.613805548287439e-11
53	4.7854741124377635e-11
54	2.816838104424779e-11
55	1.306179621169285e-11
56	2.762333339997042e-11
57	4.536309669715497e-11
58	4.437032461203394e-11
59	2.946521670670376e-11
60	1.439585680279811e-11
61	9.410624299560484e-11
62	1.247328056707514e-10
63	9.043191778359066e-11
64	4.291367720899016e-11
65	1.6706220840106914e-11
66	8.928229373390782e-11
67	1.2239642183443983e-10
68	9.335155817733725e-11
69	4.693243458944018e-11
70	1.8503882143965253e-11
71	1.1345003187563712e-10
72	1.5068122689317113e-10
73	1.0917588958158972e-10
74	5.1219438446420533e-11
75	1.9187072656721255e-11
