# x_axis	Th_all
1	4.6899483098814026e-11
2	5.500242872273576e-11
3	3.57030157873598e-11
4	1.737056870856376e-11
5	9.399589377295028e-12
6	5.0112224880774355e-11
7	6.009493044631455e-11
8	3.544294358445721e-11
9	1.1768261648095108e-11
10	5.577319661892963e-12
11	4.1574005252388983e-11
12	5.2042407940796256e-11
13	2.8723044719114046e-11
14	4.761116910901011e-12
15	5.729969827555552e-13
16	3.773303328738033e-11
17	4.901162464513421e-11
18	2.6089919496397305e-11
19	1.0020038311530369e-12
20	-2.541819474097549e-12
21	3.9308361491658606e-11
22	5.134879591576217e-11
23	2.802678608382159e-11
24	1.5239816901906821e-12
25	-2.8692767277402945e-12
26	2.2653639973783295e-10
27	2.3638987825104895e-10
28	1.4136927506071725e-10
29	8.698133175404861e-11
30	6.691835838467049e-11
31	2.768316068877496e-10
32	2.852737155642472e-10
33	1.6973850615657007e-10
34	1.0831415421423105e-10
35	8.530591168858348e-11
36	3.1587492482362083e-10
37	3.220002487325516e-10
38	1.8824287808260405e-10
39	1.2188689816795076e-10
40	9.904699043449875e-11
41	3.2807771304556895e-10
42	3.335676593394983e-10
43	1.9395032360113118e-10
44	1.257422341110576e-10
45	1.0296865918647107e-10
46	5.021385066488537e-10
47	5.188243953781383e-10
48	3.475183256530586e-10
49	2.538515554573603e-10
50	1.8235602623742014e-10
51	7.025634142601522e-10
52	7.271108026307342e-10
53	5.065834255172952e-10
54	3.842135211846684e-10
55	2.6964286995822074e-10
56	7.684132022686826e-10
57	7.954315849657851e-10
58	5.590127814253638e-10
59	4.2794855850595243e-10
60	2.9960649526073417e-10
61	1.2070081851962122e-09
62	1.27337567240744e-09
63	9.538572549861453e-10
64	7.366393018708404e-10
65	4.77701465233175e-10
66	1.430495702669977e-09
67	1.5191945379731235e-09
68	1.1586696597585053e-09
69	8.938313041994494e-10
70	5.647221826353918e-10
71	1.8582393421012823e-09
72	2.0016081753378585e-09
73	1.5632124152625826e-09
74	1.1812462066655416e-09
75	7.031829795882569e-10
