#	x_axis	Th_all
1	5.37707567728977e-10
2	6.610807292438564e-10
3	5.499960092244153e-10
4	3.4686074205511826e-10
5	1.62900554072012e-10
6	3.62926266096606e-10
7	4.4156129966135936e-10
8	3.5521749885464185e-10
9	2.1228343318561894e-10
10	9.58157649001788e-11
11	3.5960624939134066e-10
12	4.3773137101237653e-10
13	3.542508861846422e-10
14	2.1495764215744188e-10
15	9.847321716872167e-11
16	3.877480715963783e-10
17	4.718952445510902e-10
18	3.8183990420012936e-10
19	2.3160699895566503e-10
20	1.0605824886299832e-10
21	4.1619099998393904e-10
22	5.061397984757251e-10
23	4.084540001083066e-10
24	2.4636761976173563e-10
25	1.1214758401042605e-10
26	4.6235604995417996e-10
27	5.499462501355435e-10
28	4.1060437814073097e-10
29	2.132140028183489e-10
30	8.413149564663946e-11
31	3.9944090548312607e-10
32	4.731569332001308e-10
33	3.5214357386575587e-10
34	1.844981458215027e-10
35	7.401531767909293e-11
36	4.1931869472708425e-10
37	4.976780443540342e-10
38	3.723652306425692e-10
39	1.9680246073410346e-10
40	7.975142201153621e-11
41	4.706724315113938e-10
42	5.576174883771063e-10
43	4.147058313129899e-10
44	2.1636314432341027e-10
45	8.634182526433865e-11
46	4.728289043064149e-10
47	5.450183426806886e-10
48	3.809645770220407e-10
49	1.820821097476532e-10
50	6.661452921293893e-11
51	4.894156646039463e-10
52	5.63355768058391e-10
53	3.9394958759297473e-10
54	1.898873025909664e-10
55	7.117300548941216e-11
56	5.327492090572355e-10
57	6.144064559360103e-10
58	4.307533049593465e-10
59	2.0739160213847846e-10
60	7.711227058573997e-11
61	6.312070952023566e-10
62	7.055257536300822e-10
63	4.612517599385342e-10
64	2.0146139555451544e-10
65	7.16571416260153e-11
66	6.604716366869026e-10
67	7.410602661546694e-10
68	4.895357721373595e-10
69	2.1774692888354665e-10
70	7.896425086079882e-11
71	7.543759869317336e-10
72	8.379823037544441e-10
73	5.421663302627161e-10
74	2.34740955176459e-10
75	8.523096633541034e-11
