#	x_axis	Th_all
1	3.7928852461255226e-10
2	4.801573689493716e-10
3	4.316283878323271e-10
4	3.2620618378868397e-10
5	1.916850657076211e-10
6	2.617851647453516e-10
7	3.359967123707272e-10
8	3.020674635090166e-10
9	2.212713645404219e-10
10	1.255933237865007e-10
11	2.625125281836553e-10
12	3.354571718327029e-10
13	3.003668503105739e-10
14	2.2074961728654474e-10
15	1.261036290987875e-10
16	2.873085842640225e-10
17	3.672729310793791e-10
18	3.28716924034142e-10
19	2.4104916990408296e-10
20	1.3726021587845736e-10
21	3.1063613225701074e-10
22	3.976722191337449e-10
23	3.5608044036825974e-10
24	2.6038159594867665e-10
25	1.4772179903114823e-10
26	3.4797506478017526e-10
27	4.5755369850671527e-10
28	4.115392917459988e-10
29	2.850001240762015e-10
30	1.508407872450397e-10
31	3.115973773038129e-10
32	4.079024125757731e-10
33	3.6365674753309214e-10
34	2.504829424961771e-10
35	1.3256321033695084e-10
36	3.3993706748791193e-10
37	4.4502215919269575e-10
38	3.969235958038103e-10
39	2.734154655433072e-10
40	1.445537553223898e-10
41	3.8601208277118203e-10
42	5.062114442384077e-10
43	4.514484064309497e-10
44	3.096330973969809e-10
45	1.628210076966478e-10
46	3.821367980079032e-10
47	4.99030451806513e-10
48	4.3294082594488134e-10
49	2.832237457818619e-10
50	1.410367527580847e-10
51	4.180944257846876e-10
52	5.446933140701145e-10
53	4.695992381726617e-10
54	3.0419849084827634e-10
55	1.4937983762184286e-10
56	4.70293798153713e-10
57	6.140004302270488e-10
58	5.305770000018343e-10
59	3.4391664196799364e-10
60	1.6930771032458553e-10
61	5.604225661612256e-10
62	7.250181517076413e-10
63	6.051390229165733e-10
64	3.6929473456393377e-10
65	1.6817332520925074e-10
66	6.173549572887536e-10
67	7.994711442343383e-10
68	6.687632778919558e-10
69	4.101441857324067e-10
70	1.8976106970609907e-10
71	7.343868082886497e-10
72	9.489120053102007e-10
73	7.86481274659371e-10
74	4.767393927385344e-10
75	2.2186607959798825e-10
