#	x_axis	Th_all
1	1.5292731531069608e-11
2	2.095252801378132e-11
3	1.8816715364176805e-11
4	1.2632784278884477e-11
5	6.695227700950305e-12
6	-4.177564272874202e-12
7	-6.3462502535274225e-12
8	-6.2995790974498575e-12
9	-3.9979040305372545e-12
10	-1.7087636922998563e-12
11	-1.7467008523880327e-11
12	-2.4627398802008014e-11
13	-2.2386905163093395e-11
14	-1.3921044662512374e-11
15	-6.446332388611405e-12
16	-2.8164372253813744e-11
17	-3.929721048689373e-11
18	-3.524372791496436e-11
19	-2.1826174367952922e-11
20	-1.0212704007287526e-11
21	-3.120266891474315e-11
22	-4.347667473064645e-11
23	-3.892129584687896e-11
24	-2.4092629375754865e-11
25	-1.1291485197128048e-11
26	3.474366365529593e-11
27	4.7268006775586444e-11
28	4.259747921299777e-11
29	2.9140678333999e-11
30	1.568045512396396e-11
31	2.5852208832036794e-11
32	3.558926079264296e-11
33	3.416590735871107e-11
34	2.562431521539913e-11
35	1.4756290453039015e-11
36	1.5044192002432215e-11
37	2.1800976510607095e-11
38	2.4808155084491935e-11
39	2.222824157037491e-11
40	1.4213934483578218e-11
41	1.0832048666866384e-11
42	1.641715936331628e-11
43	2.106979537499565e-11
44	2.0772628009581606e-11
45	1.390778314951763e-11
46	6.885444168916705e-11
47	9.386337014787457e-11
48	8.324903986659855e-11
49	5.468136172048775e-11
50	2.8062308004805983e-11
51	8.927522141246661e-11
52	1.229739132591476e-10
53	1.1054301523548526e-10
54	7.323723478490436e-11
55	3.7884296614191345e-11
56	8.851349446245852e-11
57	1.233814654541023e-10
58	1.1344589552339148e-10
59	7.705970212463628e-11
60	4.075485471816614e-11
61	1.8173368828384895e-10
62	2.453111706010097e-10
63	2.0780546523935217e-10
64	1.2611806485228112e-10
65	5.997212883192826e-11
66	2.0413868467809043e-10
67	2.7619443404520513e-10
68	2.3417951818276096e-10
69	1.4173155621940061e-10
70	6.692971359969457e-11
71	2.6730030829359695e-10
72	3.562749044116975e-10
73	2.919136206522423e-10
74	1.6821865275429588e-10
75	7.536979492247379e-11
