#	x_axis	Th_all
1	5.034571510476548e-10
2	6.548148977985725e-10
3	5.460499339321549e-10
4	3.283424146089891e-10
5	1.5133047072935757e-10
6	3.2489670837647975e-10
7	4.150928356221518e-10
8	3.321246404035761e-10
9	1.8887654987019808e-10
10	8.358471752294061e-11
11	3.0954821866276236e-10
12	3.9659731378149605e-10
13	3.2059291153124683e-10
14	1.857110994040298e-10
15	8.350729523686998e-11
16	3.2578181803291025e-10
17	4.176756009257059e-10
18	3.3828629703359894e-10
19	1.9658141726488277e-10
20	8.876063361864076e-11
21	3.492041047671489e-10
22	4.4725537271171685e-10
23	3.611883278803469e-10
24	2.0881416789842548e-10
25	9.377550219188944e-11
26	4.266090955086052e-10
27	5.252302570170609e-10
28	3.8303792341719787e-10
29	1.8745103642046528e-10
30	7.183588086867638e-11
31	3.461109463703407e-10
32	4.243422538985756e-10
33	3.087912364636555e-10
34	1.5208729289993423e-10
35	5.86096750937161e-11
36	3.4444116333318833e-10
37	4.243164138526175e-10
38	3.123222609009431e-10
39	1.5692763460304921e-10
40	6.215658114122228e-11
41	3.861692679974512e-10
42	4.745938061672514e-10
43	3.4701888158770017e-10
44	1.7212204902258126e-10
45	6.705347920349266e-11
46	4.105388076746053e-10
47	4.849802357393369e-10
48	3.2696393620416443e-10
49	1.4337988892710497e-10
50	4.8601510531171456e-11
51	4.009702452392626e-10
52	4.740518116655336e-10
53	3.2201274431069957e-10
54	1.44997759958915e-10
55	5.263344899121506e-11
56	4.2553086388041673e-10
57	5.055410547761195e-10
58	3.462989342565106e-10
59	1.5715622728416761e-10
60	5.663562208248687e-11
61	5.227201021678308e-10
62	5.94225591186679e-10
63	3.7248227474783403e-10
64	1.4996793746662509e-10
65	5.383886697114744e-11
66	5.236019051928699e-10
67	6.001766066248174e-10
68	3.8400464030662247e-10
69	1.6045822855137703e-10
70	5.909326098848454e-11
71	5.910606697540398e-10
72	6.696078555664781e-10
73	4.193943654161372e-10
74	1.710206391295678e-10
75	6.37235773744832e-11
