#	x_axis	Th_all
1	4.267144395312827e-10
2	4.496065331505359e-10
3	3.0299685565263257e-10
4	1.8998208192558102e-10
5	1.052715179622462e-10
6	1.537214562571818e-11
7	5.115067612904986e-11
8	2.3966875859611403e-11
9	-2.3414748576806745e-11
10	-1.7980090674683433e-11
11	-2.720901694773915e-10
12	-2.2787497535587744e-10
13	-1.753308800827784e-10
14	-1.618478749233166e-10
15	-8.673936024204778e-11
16	-5.041611069672781e-10
17	-4.524690620079438e-10
18	-3.345500428424151e-10
19	-2.713501385808602e-10
20	-1.4096438037884217e-10
21	-5.720674061670194e-10
22	-5.178654820246994e-10
23	-3.808330071786679e-10
24	-3.030655925889337e-10
25	-1.564911876707159e-10
26	1.0723989685894988e-09
27	1.1067521542677091e-09
28	7.140188815598863e-10
29	4.514404987482897e-10
30	2.8064228704014965e-10
31	9.402384560899094e-10
32	9.812432640244802e-10
33	6.158388897271582e-10
34	4.036050901664823e-10
35	2.8713815959533753e-10
36	7.780982998850219e-10
37	8.29642061452612e-10
38	5.070237984455661e-10
39	3.625635858525289e-10
40	3.0475819955446164e-10
41	7.123405902406292e-10
42	7.682104244689432e-10
43	4.641094254620742e-10
44	3.4555629966800067e-10
45	3.089938214968982e-10
46	1.8645868326148186e-09
47	1.8879654522436305e-09
48	1.2375246293036517e-09
49	8.035969102104663e-10
50	4.743213406810579e-10
51	2.317764769403683e-09
52	2.3432479200486146e-09
53	1.5637412603287047e-09
54	1.0530351549133718e-09
55	6.213415992859312e-10
56	2.3192964236437093e-09
57	2.3554147716563677e-09
58	1.5895255507131228e-09
59	1.1040446682895803e-09
60	6.662055059674734e-10
61	4.091851066508638e-09
62	4.065948095268625e-09
63	2.720894687890782e-09
64	1.7278791199220507e-09
65	8.844434113619284e-10
66	4.467133066059586e-09
67	4.441916885809301e-09
68	2.9962197137348445e-09
69	1.916639952538604e-09
70	9.679622808359688e-10
71	5.499047798330742e-09
72	5.426401381188742e-09
73	3.6239668912441523e-09
74	2.226088468541361e-09
75	1.0556918771582355e-09
