# x_axis	Th_all
1	3.718662653530944e-09
2	3.6368859479434853e-09
3	1.9608901292758296e-09
4	1.213123704072372e-09
5	1.0391270650079318e-09
6	2.402047090215845e-09
7	2.355694048376551e-09
8	1.3685669676292314e-09
9	9.27350733960946e-10
10	7.352974192237567e-10
11	2.42809298888488e-09
12	2.3885739063873375e-09
13	1.3689298256496998e-09
14	8.998553843268312e-10
15	7.174654872250915e-10
16	2.639828037353519e-09
17	2.593899395021093e-09
18	1.488818125153396e-09
19	9.828314948587036e-10
20	7.828330414624758e-10
21	2.834833751437455e-09
22	2.781945356353133e-09
23	1.6058468070172775e-09
24	1.071522124350011e-09
25	8.503168234929375e-10
26	2.8592398996099807e-09
27	2.800192405190415e-09
28	1.8545199410491395e-09
29	1.4431523849783435e-09
30	1.029429864083123e-09
31	2.5647915073024243e-09
32	2.5341675621298607e-09
33	1.6720001639979468e-09
34	1.2605417981136277e-09
35	8.83596545447062e-10
36	2.7848650835823763e-09
37	2.7472414410626805e-09
38	1.8103935933037377e-09
39	1.3686210685271338e-09
40	9.62606702546245e-10
41	3.1337266436960887e-09
42	3.089323765430358e-09
43	2.055333892923802e-09
44	1.569002846366324e-09
45	1.0966686437294359e-09
46	3.0346334851372917e-09
47	3.0518388871599476e-09
48	2.106399426901082e-09
49	1.550634464803489e-09
50	9.892424153112543e-10
51	3.3024190191651763e-09
52	3.32367199394427e-09
53	2.2944937591954074e-09
54	1.6777525945372932e-09
55	1.0615406750436191e-09
56	3.6899410053329096e-09
57	3.710236712949069e-09
58	2.5806919166908325e-09
59	1.9082987795108745e-09
60	1.2087587539290211e-09
61	4.2948978036413775e-09
62	4.377777053437337e-09
63	3.1183724476344514e-09
64	2.2305370372087957e-09
65	1.3123699565146583e-09
66	4.718430676777837e-09
67	4.807733837126919e-09
68	3.4382692654665178e-09
69	2.4804893279596553e-09
70	1.4757074790309246e-09
71	5.555889840343622e-09
72	5.69537744607198e-09
73	4.132769029792058e-09
74	2.9843724547538496e-09
75	1.7696468504739985e-09
