#	x_axis	Th_all
1	2.377054688453996e-10
2	2.8404431558560254e-10
3	2.393398305297095e-10
4	1.8851329240570698e-10
5	1.2345955558907666e-10
6	1.9381132488212644e-10
7	2.362972254882341e-10
8	2.0349633934475645e-10
9	1.5766868402677485e-10
10	9.956756436783012e-11
11	2.1383834318652275e-10
12	2.603738179691117e-10
13	2.2371298284194917e-10
14	1.7325523627970163e-10
15	1.095194714776224e-10
16	2.4701151879725396e-10
17	3.018241620704689e-10
18	2.605671732752297e-10
19	2.013577164739731e-10
20	1.262356860130155e-10
21	2.6826890070165136e-10
22	3.287914790930035e-10
23	2.8482928844950927e-10
24	2.196299747066419e-10
25	1.369003592689041e-10
26	2.4886576740602474e-10
27	3.153938572135801e-10
28	2.835158286390952e-10
29	2.143160543123245e-10
30	1.264681170616247e-10
31	2.6198284465364016e-10
32	3.31923957408318e-10
33	2.969582941147424e-10
34	2.2319590517162475e-10
35	1.3150554554590713e-10
36	3.155556799012352e-10
37	4.013473596943043e-10
38	3.607305829118552e-10
39	2.705406041451367e-10
40	1.5809939780756745e-10
41	3.5824532914897416e-10
42	4.5742579593560525e-10
43	4.1259619740486474e-10
44	3.084995119525795e-10
45	1.7903187670817155e-10
46	3.335062712273968e-10
47	4.273677980155823e-10
48	3.815511436349069e-10
49	2.7871542083971877e-10
50	1.5840786507785432e-10
51	4.11660668764776e-10
52	5.297705856701825e-10
53	4.734130737683501e-10
54	3.4230038222650244e-10
55	1.9095721213271353e-10
56	4.785352883664767e-10
57	6.187025928011609e-10
58	5.547180060625048e-10
59	3.9924993918671626e-10
60	2.208360067622802e-10
61	5.695234190608211e-10
62	7.383551803332947e-10
63	6.548345437794201e-10
64	4.5717671074811046e-10
65	2.4224269839395886e-10
66	6.706810041540353e-10
67	8.727759354913906e-10
68	7.746471873812185e-10
69	5.371192720588874e-10
70	2.8213292615682185e-10
71	8.279556099184362e-10
72	1.0818090779835773e-09
73	9.565945213448478e-10
74	6.534754746060477e-10
75	3.388536514932255e-10
