#	x_axis	Th_all
1	2.6466679585849056e-11
2	4.5049771687400885e-11
3	4.641756604766528e-11
4	3.4004609446755574e-11
5	1.9357133770762462e-11
6	1.9273702323447575e-11
7	3.2184704390851454e-11
8	3.2299361392775786e-11
9	2.2951326280225193e-11
10	1.2683512717624473e-11
11	1.8916327593508633e-11
12	3.164672304786944e-11
13	3.185707406648738e-11
14	2.27267442684963e-11
15	1.260335250328828e-11
16	2.0640908187672692e-11
17	3.4492453211802965e-11
18	3.467365991991323e-11
19	2.4706105171121068e-11
20	1.3698532102863812e-11
21	2.242386606368374e-11
22	3.739637670104381e-11
23	3.7488714433303673e-11
24	2.6626813745348922e-11
25	1.471791880956377e-11
26	2.8446245196336197e-11
27	4.5925624429493116e-11
28	4.3883141169359316e-11
29	2.9344842107341395e-11
30	1.522363036369709e-11
31	2.484066989663696e-11
32	3.994803106112525e-11
33	3.797851395482216e-11
34	2.523519665182793e-11
35	1.2962709865958836e-11
36	2.6592773314563352e-11
37	4.281509814468648e-11
38	4.078108070735266e-11
39	2.7180943454504687e-11
40	1.4042513253592409e-11
41	3.034761109969488e-11
42	4.872869680972825e-11
43	4.62272308540333e-11
44	3.0650877949149054e-11
45	1.5741975497162737e-11
46	3.133394792151844e-11
47	4.894725909977157e-11
48	4.455359107685456e-11
49	2.787970570140832e-11
50	1.3192352711846407e-11
51	3.346512764197546e-11
52	5.213005527015966e-11
53	4.72999546472785e-11
54	2.955434660604554e-11
55	1.4086613131362412e-11
56	3.7238145748500253e-11
57	5.803381054373904e-11
58	5.268417689051685e-11
59	3.2932745858352227e-11
60	1.5687671547841868e-11
61	4.6041806146689036e-11
62	6.979237004870116e-11
63	6.087047681872469e-11
64	3.627733933966552e-11
65	1.6745817875945804e-11
66	4.949644417598383e-11
67	7.515096894112735e-11
68	6.57718418312593e-11
69	3.948003455048043e-11
70	1.846878507310206e-11
71	5.867653656210844e-11
72	8.827706091046149e-11
73	7.637023048118299e-11
74	4.542205706756443e-11
75	2.1382250551204055e-11
