#	x_axis	Th_all
1	3.325848125190131e-11
2	4.622493283151854e-11
3	3.6994914603930665e-11
4	1.9935805229928263e-11
5	8.286896505895917e-12
6	-1.290051163186602e-12
7	-3.0978966852875116e-12
8	-4.13253759148405e-12
9	-3.3207120026081754e-12
10	-1.766146072246408e-12
11	-1.94372792638527e-11
12	-2.710445287196469e-11
13	-2.1778749707055744e-11
14	-1.1546015646571233e-11
15	-4.648086323095358e-12
16	-3.3371794563949355e-11
17	-4.5439879395607925e-11
18	-3.519131491967697e-11
19	-1.7801267385010383e-11
20	-6.872823077464855e-12
21	-3.69742638061812e-11
22	-5.008025195263888e-11
23	-3.847486338502211e-11
24	-1.9267821007464905e-11
25	-7.379663287763012e-12
26	3.231660581507888e-11
27	4.197035318792317e-11
28	3.01992454445574e-11
29	1.4281955479938217e-11
30	5.4932321179219965e-12
31	9.343692458795273e-12
32	1.3721753315879583e-11
33	1.2515369368684797e-11
34	8.276732803979379e-12
35	4.34847555713694e-12
36	-1.0691372236412152e-11
37	-9.469103081143584e-12
38	-2.6507550080869925e-13
39	5.288500224977181e-12
40	4.452239219506379e-12
41	-1.6245032495296e-11
42	-1.576804665271139e-11
43	-3.598683019039597e-12
44	4.625859130088828e-12
45	4.546776962695628e-12
46	3.3116088982186144e-11
47	4.23960702603728e-11
48	3.0305378031551606e-11
49	1.4656071380619712e-11
50	6.033372044378893e-12
51	2.8449901752943172e-11
52	3.974948605984917e-11
53	3.2647475452911424e-11
54	1.8648490917270956e-11
55	8.52885871972415e-12
56	1.8820041083378452e-11
57	3.0580266579134664e-11
58	3.001657907018639e-11
59	1.992208849545814e-11
60	9.697801599529456e-12
61	7.447801579810096e-11
62	9.334717967694375e-11
63	6.36217358141782e-11
64	2.827185735286143e-11
65	1.0715406496157897e-11
66	6.97161756173156e-11
67	9.090762422107286e-11
68	6.595277674526677e-11
69	3.159851456121918e-11
70	1.224252608598024e-11
71	8.949281025713601e-11
72	1.1269673769669809e-10
73	7.708404137071668e-11
74	3.404955323634892e-11
75	1.2467384618613885e-11
