#	x_axis	Th_all
1	6.786096214826265e-10
2	8.65662468303411e-10
3	7.198361570831226e-10
4	4.3603415043711674e-10
5	1.9482930219458564e-10
6	5.5697286049315477e-11
7	6.108479440256487e-11
8	2.5760422748500315e-11
9	-9.298232284603017e-12
10	-1.361614063410072e-11
11	-2.374755432741852e-10
12	-3.0578850758550804e-10
13	-2.644829405018456e-10
14	-1.6662473356590856e-10
15	-7.604087369261413e-11
16	-4.551515127519273e-10
17	-5.759463346614334e-10
18	-4.767400683066153e-10
19	-2.810152938270813e-10
20	-1.2138364627166994e-10
21	-5.057835653615996e-10
22	-6.376597942046466e-10
23	-5.235536824281927e-10
24	-3.051322629520327e-10
25	-1.3067086598621382e-10
26	5.519000769170065e-10
27	6.721584403486095e-10
28	4.924087471058145e-10
29	2.427536293523176e-10
30	9.089284322664028e-11
31	1.329199209557225e-10
32	1.5905432112772218e-10
33	1.1809205286298334e-10
34	6.815986638582383e-11
35	3.298850632274308e-11
36	-2.0892761032656977e-10
37	-2.4275700130615233e-10
38	-1.5133055553727922e-10
39	-3.5565200962078514e-11
40	9.091721670335198e-12
41	-2.900837064091181e-10
42	-3.3646599478966645e-10
43	-2.120356591060901e-10
44	-5.704668216865941e-11
45	4.910529697578991e-12
46	4.293109601969079e-10
47	4.990569187598321e-10
48	3.337273384419008e-10
49	1.4899823211056002e-10
50	5.2946163035894156e-11
51	2.578008441979703e-10
52	3.160668993706991e-10
53	2.4793055755087367e-10
54	1.49704915095284e-10
55	7.394017312872878e-11
56	8.092479634161641e-11
57	1.2859662383316635e-10
58	1.5597486905967298e-10
59	1.3925247574686678e-10
60	8.241228847483177e-11
61	8.233471348771567e-10
62	9.564887913076355e-10
63	6.439262337401826e-10
64	2.943009758376869e-10
65	1.1326826391405417e-10
66	6.565300611787676e-10
67	7.935212407984822e-10
68	5.867213317103555e-10
69	3.083600421505858e-10
70	1.290793267133843e-10
71	8.449334013107414e-10
72	9.991863820203323e-10
73	7.035128237647009e-10
74	3.444454818054976e-10
75	1.3741219888299251e-10
