#	x_axis	Th_all
1	3.5333263828967544e-10
2	4.263686982019545e-10
3	3.586656297456559e-10
4	2.4529490566060517e-10
5	1.242766609122377e-10
6	-2.2943014596707604e-11
7	-2.6721283778917302e-11
8	-2.9970251610134013e-11
9	-3.3722640452574424e-11
10	-2.2968751678675202e-11
11	-2.1680895293614707e-10
12	-2.60641570814808e-10
13	-2.2615858812651483e-10
14	-1.5860015433405875e-10
15	-7.983381888408457e-11
16	-3.671773913657305e-10
17	-4.4116780653621707e-10
18	-3.7605161795675345e-10
19	-2.5344944247819964e-10
20	-1.231988298117549e-10
21	-4.064119826083176e-10
22	-4.879571659384121e-10
23	-4.142138905724815e-10
24	-2.7694026454607287e-10
25	-1.3368433589221422e-10
26	3.4701182961062293e-10
27	4.1484042812096364e-10
28	3.282408767933209e-10
29	2.007441723247866e-10
30	9.520706736917897e-11
31	1.1058789295872529e-10
32	1.2801030985820867e-10
33	9.934063427383215e-11
34	7.389083758719554e-11
35	4.809737492914504e-11
36	-1.0095181774621353e-10
37	-1.2317742395893728e-10
38	-9.084499731159148e-11
39	-1.8842481011515586e-11
40	1.9694610544563752e-11
41	-1.622257361395268e-10
42	-1.9524787291304724e-10
43	-1.4443148892835136e-10
44	-4.390980546612725e-11
45	1.2527529750721384e-11
46	3.80735767602347e-10
47	4.475437299469998e-10
48	3.4317865247225806e-10
49	2.0771440542917499e-10
50	1.0017017854824474e-10
51	3.4996226681282867e-10
52	4.178839252671356e-10
53	3.4330560916619984e-10
54	2.364072503000155e-10
55	1.2714063860857782e-10
56	2.4987549074798173e-10
57	3.074052871458576e-10
58	2.8005703363111973e-10
59	2.2425689748411228e-10
60	1.3348119342307424e-10
61	8.904010996661805e-10
62	1.051243757797106e-09
63	8.105420477911572e-10
64	4.763209197864713e-10
65	2.1512151114096016e-10
66	8.634099688355418e-10
67	1.032378318342708e-09
68	8.250896218280255e-10
69	5.099267014509651e-10
70	2.3816726422974335e-10
71	1.124424982351634e-09
72	1.331931669437309e-09
73	1.0313803700856318e-09
74	6.015374766012944e-10
75	2.6509587472123194e-10
