#	x_axis	Th_all
1	1.5924903837991282e-09
2	1.4584761212176034e-09
3	9.102217240300874e-10
4	5.488304699152498e-10
5	2.3415607407129174e-10
6	-6.187749767818321e-11
7	-5.577850774831816e-11
8	-5.664792729383842e-11
9	-8.7153759059665e-11
10	-6.026999874703051e-11
11	-8.772578661911484e-10
12	-7.613834633544327e-10
13	-4.920957426045989e-10
14	-3.203527216011032e-10
15	-1.3153730271590926e-10
16	-1.5076094178899134e-09
17	-1.3039509971328488e-09
18	-8.223535398895513e-10
19	-4.95362885549717e-10
20	-1.8705197013104415e-10
21	-1.6707009190925723e-09
22	-1.441724993776643e-09
23	-9.037411983093949e-10
24	-5.364988454120847e-10
25	-1.9962415413830324e-10
26	1.6663073407086245e-09
27	1.4914473375721943e-09
28	8.61198012391163e-10
29	4.360209494569727e-10
30	1.7266185777701943e-10
31	7.509494250182426e-10
32	7.356040649874765e-10
33	4.42907107591661e-10
34	2.7890575871535827e-10
35	1.8048808341949622e-10
36	-2.4034232476535898e-11
37	1.3491148049490586e-10
38	1.4695216378111062e-10
39	2.2032431771802992e-10
40	2.2654007872708988e-10
41	-2.361681633343129e-10
42	-2.496400582543545e-11
43	7.098734554821887e-11
44	2.1000967080903737e-10
45	2.40937788385807e-10
46	1.8135900621726385e-09
47	1.6089795468677547e-09
48	8.944609922792076e-10
49	4.557826654855098e-10
50	2.15153828209322e-10
51	1.7239110671925787e-09
52	1.606775190421102e-09
53	9.805421431574518e-10
54	5.994273067249693e-10
55	3.127520991196719e-10
56	1.3767002941546512e-09
57	1.3787767465756707e-09
58	9.346878385919187e-10
59	6.571269227381115e-10
60	3.6009589817842557e-10
61	3.673763490858325e-09
62	3.163098731309152e-09
63	1.7304045131737172e-09
64	8.408976123299956e-10
65	3.35924703711939e-10
66	3.5195705345946233e-09
67	3.1131261654210504e-09
68	1.8039838208028907e-09
69	9.558095394500821e-10
70	3.8226287857731086e-10
71	4.2952172679997474e-09
72	3.7068696203154263e-09
73	2.0564417596702564e-09
74	1.0076850441669954e-09
75	3.745255131295287e-10
