#	x_axis	Th_all
1	4.770108985825963e-10
2	4.946627633264509e-10
3	3.3573156065169544e-10
4	2.088621188398241e-10
5	1.0753516252562739e-10
6	-8.002130862791693e-12
7	1.8002288471559216e-11
8	-1.2313234404690564e-12
9	-3.0807672256326795e-11
10	-1.4497245124114872e-11
11	-3.260756128239834e-10
12	-2.9056433325218727e-10
13	-2.1832463600501896e-10
14	-1.6775450595309523e-10
15	-7.21804954052633e-11
16	-5.820096421309935e-10
17	-5.378041656385227e-10
18	-3.9051831477619047e-10
19	-2.751028842523038e-10
20	-1.173207466031465e-10
21	-6.565214235421078e-10
22	-6.092429234758319e-10
23	-4.398263757232771e-10
24	-3.053489142466567e-10
25	-1.2976096905471291e-10
26	1.0254869331783496e-09
27	1.0509234521547319e-09
28	6.8841145548524e-10
29	4.281651727404852e-10
30	2.447798230602922e-10
31	8.227587413866669e-10
32	8.626025189038543e-10
33	5.630719379643508e-10
34	3.793866597716018e-10
35	2.545982502675169e-10
36	6.068389753355012e-10
37	6.684175249386997e-10
38	4.4649082586101125e-10
39	3.5144572628790976e-10
40	2.7999109219934253e-10
41	5.280293322873581e-10
42	5.979036085483058e-10
43	4.047610371613135e-10
44	3.409332842748439e-10
45	2.879305966799098e-10
46	1.6656222860040395e-09
47	1.6796564626864238e-09
48	1.1043769938384707e-09
49	6.918318598475004e-10
50	3.786697572597519e-10
51	2.0036191063387705e-09
52	2.0289810993190592e-09
53	1.3673006790903434e-09
54	8.930480092535427e-10
55	4.889300852463454e-10
56	1.958881252736657e-09
57	2.005089937423713e-09
58	1.381574180935948e-09
59	9.403360286050052e-10
60	5.265526747194503e-10
61	3.586837590587658e-09
62	3.5342395398273108e-09
63	2.321068540099859e-09
64	1.3773622562843843e-09
65	6.414519515340872e-10
66	3.842625706567225e-09
67	3.798095371903256e-09
68	2.522709365668796e-09
69	1.5140543649396415e-09
70	6.946086464828509e-10
71	4.6963553488765434e-09
72	4.587059280793096e-09
73	2.984618646201203e-09
74	1.702834734473179e-09
75	7.32349295925273e-10
