#	x_axis	Th_all
1	2.9654609203505883e-10
2	3.528440343842314e-10
3	2.727127991411692e-10
4	1.5424105198824978e-10
5	6.481347312269115e-11
6	2.5019597856900794e-10
7	2.9356165039350256e-10
8	2.1991373075498363e-10
9	1.1945655240171765e-10
10	4.9339548294380706e-11
11	2.753849991546523e-10
12	3.233185200977077e-10
13	2.428363007739856e-10
14	1.3243433519096046e-10
15	5.469493671581868e-11
16	3.1330920369636155e-10
17	3.668958047717253e-10
18	2.7392782029741663e-10
19	1.4772895175334061e-10
20	6.027917797013121e-11
21	3.35819080799171e-10
22	3.9230441674015397e-10
23	2.9127066184292233e-10
24	1.5557889410940884e-10
25	6.28838958631969e-11
26	3.0310617006735654e-10
27	3.430253466538776e-10
28	2.354676134900329e-10
29	1.1079127498757627e-10
30	4.1042274019303696e-11
31	3.13136985812329e-10
32	3.5415401753724207e-10
33	2.436961433870855e-10
34	1.1604669455496887e-10
35	4.3579555132739374e-11
36	3.6283281645530306e-10
37	4.0933169812860695e-10
38	2.7970824145806933e-10
39	1.310278919409152e-10
40	4.823184429146836e-11
41	4.0310476789901525e-10
42	4.5257976631965127e-10
43	3.055449073249515e-10
44	1.3980641697531336e-10
45	5.0201772023549135e-11
46	3.772266864999655e-10
47	4.168016666474972e-10
48	2.7345202433612645e-10
49	1.2222295971181784e-10
50	4.42404936055948e-11
51	4.357634624036203e-10
52	4.792384150484054e-10
53	3.1116799091382557e-10
54	1.3654070057617603e-10
55	4.874978412580855e-11
56	4.843180560899544e-10
57	5.302471677296714e-10
58	3.400488723993612e-10
59	1.452493095739593e-10
60	5.0272905931465975e-11
61	5.560187819360656e-10
62	5.955920831615661e-10
63	3.6543090094976426e-10
64	1.4753314138866718e-10
65	5.118241203022797e-11
66	6.124945371173309e-10
67	6.539870726103248e-10
68	3.976881441559222e-10
69	1.5715406771131453e-10
70	5.319605982775841e-11
71	7.024992767204089e-10
72	7.402860710419431e-10
73	4.370382217849892e-10
74	1.642287767324507e-10
75	5.423699763804037e-11
