#	x_axis	Th_all
1	5.978425050220141e-10
2	6.75616549962517e-10
3	5.498889892175276e-10
4	4.1845551698484857e-10
5	2.5400588300755166e-10
6	4.305928448065962e-10
7	4.938155455867651e-10
8	4.0638863280532786e-10
9	2.9967829648476164e-10
10	1.7351432650143863e-10
11	4.4781286307566276e-10
12	5.11753571586911e-10
13	4.187412959827179e-10
14	3.094486000112121e-10
15	1.8070231566889209e-10
16	4.9823928097138e-10
17	5.698261400813513e-10
18	4.668479860409852e-10
19	3.4425698753830547e-10
20	2.0000183724677742e-10
21	5.373716329193204e-10
22	6.154691548759446e-10
23	5.051873437367085e-10
24	3.7151285115241864e-10
25	2.1459087823164416e-10
26	5.429049808603195e-10
27	6.397302080328831e-10
28	5.386801115532323e-10
29	3.7540979793016517e-10
30	1.9647997411176694e-10
31	5.132807650881453e-10
32	6.027299642828803e-10
33	5.022662471418911e-10
34	3.4765969610906205e-10
35	1.8265048439697957e-10
36	5.779347053403844e-10
37	6.790700084772231e-10
38	5.667607879067178e-10
39	3.920930363023786e-10
40	2.0525698484605984e-10
41	6.527495453127955e-10
42	7.685455907580661e-10
43	6.424957476375384e-10
44	4.423059464934699e-10
45	2.294095434468966e-10
46	6.238039590439224e-10
47	7.33606380436435e-10
48	5.988859175953036e-10
49	3.933475751885521e-10
50	1.9468146678336747e-10
51	7.054028945358222e-10
52	8.288766584564868e-10
53	6.738310863044372e-10
54	4.385027637422854e-10
55	2.1435780153374058e-10
56	7.972133695314023e-10
57	9.388331089924201e-10
58	7.652235126560063e-10
59	4.9658434331057e-10
60	2.4115600158898923e-10
61	9.328686820355513e-10
62	1.094076508045384e-09
63	8.68540731792397e-10
64	5.347519431444266e-10
65	2.4490201366545434e-10
66	1.0425533290816108e-09
67	1.2240893246679325e-09
68	9.731906200927012e-10
69	5.991637289279212e-10
70	2.7526146085176083e-10
71	1.2370448541812264e-09
72	1.4516366047188693e-09
73	1.1447919806863563e-09
74	6.933989959330829e-10
75	3.1652301533120606e-10
