#	x_axis	Th_all
1	3.1944269532630553e-10
2	3.6090260053356434e-10
3	2.9202055588560534e-10
4	2.222644370811172e-10
5	1.3421189886465525e-10
6	-3.975773774414979e-11
7	-3.636815372020619e-11
8	-2.6730859240610583e-11
9	-3.126323877068206e-11
10	-2.7201076849963132e-11
11	-2.278856240339256e-10
12	-2.5232838769726484e-10
13	-2.1142065276076604e-10
14	-1.6986591149893348e-10
15	-1.0498331261438375e-10
16	-3.759932670377192e-10
17	-4.219122844438419e-10
18	-3.547737235758128e-10
19	-2.7608052008663914e-10
20	-1.6423718445253378e-10
21	-4.155595256028846e-10
22	-4.672759806433784e-10
23	-3.9295675128222544e-10
24	-3.039052226348649e-10
25	-1.794733937680411e-10
26	3.4315116082202583e-10
27	3.970079778830144e-10
28	3.173124389445995e-10
29	2.213969118933099e-10
30	1.2551510913975114e-10
31	1.3000162764540667e-10
32	1.394253726043583e-10
33	8.851162382713313e-11
34	6.043692175852246e-11
35	4.69663658096406e-11
36	-6.983487974694266e-11
37	-1.0284721388520753e-10
38	-1.2222836125725635e-10
39	-7.530156272873533e-11
40	-1.025320869707901e-11
41	-1.3209820170169667e-10
42	-1.779240472511652e-10
43	-1.8686216097642818e-10
44	-1.1584721757988649e-10
45	-2.67612982876705e-11
46	4.341990052333997e-10
47	4.952699786364268e-10
48	3.8289792055496414e-10
49	2.6017411469756743e-10
50	1.4530802506629305e-10
51	4.4685415107068397e-10
52	5.03421078118275e-10
53	3.965487427487618e-10
54	2.977227954955245e-10
55	1.8767382676527587e-10
56	3.578615982566742e-10
57	3.963263884978031e-10
58	3.1805592490441667e-10
59	2.684844142151078e-10
60	1.9018790995826575e-10
61	1.0831378748409059e-09
62	1.2559114314692624e-09
63	1.0165530995570945e-09
64	6.994927803184402e-10
65	3.7431250241530643e-10
66	1.1077142726290702e-09
67	1.2858997038806306e-09
68	1.0579536540319879e-09
69	7.501550811840122e-10
70	4.0816636643062576e-10
71	1.4681544242449974e-09
72	1.713031198953658e-09
73	1.3968581080320425e-09
74	9.459713958330318e-10
75	4.833244701348328e-10
