#	x_axis	Th_all
1	3.1447589341926954e-11
2	4.110427994486627e-11
3	3.5945479736870303e-11
4	2.462893624618109e-11
5	1.3467345434454694e-11
6	-6.4050983155316275e-12
7	-9.538423919618973e-12
8	-1.0539330817290724e-11
9	-7.543000271805333e-12
10	-3.0453209108157633e-12
11	-3.2957870243582324e-11
12	-4.4830190265566176e-11
13	-4.1914782585259126e-11
14	-2.785294664752729e-11
15	-1.2965625581617003e-11
16	-5.436160044344919e-11
17	-7.319628866188916e-11
18	-6.701150794669059e-11
19	-4.402301469085665e-11
20	-2.0820515695645643e-11
21	-6.047447140655264e-11
22	-8.132013192388015e-11
23	-7.423444402563146e-11
24	-4.869174827507506e-11
25	-2.308280372193535e-11
26	7.766749962097736e-11
27	1.0052584029570339e-10
28	8.788495908123675e-11
29	6.169686827086357e-11
30	3.456646479482751e-11
31	6.199341897302713e-11
32	7.966765940246281e-11
33	7.181733728785351e-11
34	5.454475496775517e-11
35	3.258953610662974e-11
36	4.200457749961576e-11
37	5.381038408803927e-11
38	5.3123021611961483e-11
39	4.733972607293623e-11
40	3.155034715851894e-11
41	3.3994131313963856e-11
42	4.34787434224783e-11
43	4.5537495508501585e-11
44	4.419237427446369e-11
45	3.091646770488908e-11
46	1.5346798001217443e-10
47	2.002046432070396e-10
48	1.7477832818831651e-10
49	1.1859184244138654e-10
50	6.292931897620997e-11
51	1.9905669474041725e-10
52	2.6211982919849956e-10
53	2.3260388940533361e-10
54	1.5970471182474685e-10
55	8.546617818705437e-11
56	1.9890806915094772e-10
57	2.6391532777253045e-10
58	2.387964548861088e-10
59	1.6797463301302295e-10
60	9.177475635278355e-11
61	3.933532343918637e-10
62	5.1453152477881e-10
63	4.3774905009735597e-10
64	2.7662828161887476e-10
65	1.3508957253782462e-10
66	4.4134072882980867e-10
67	5.787385463852739e-10
68	4.93187303087652e-10
69	3.1046529221515444e-10
70	1.4984750498678236e-10
71	5.728861873275186e-10
72	7.445221445195196e-10
73	6.170054263320362e-10
74	3.710773877989232e-10
75	1.7043429079875722e-10
