#	x_axis	Th_all
1	7.009241344841016e-09
2	7.522415643940115e-09
3	5.46871808537582e-09
4	3.522521137163189e-09
5	1.7213436636085048e-09
6	4.1663192724496346e-09
7	4.423950578121926e-09
8	3.1369459941003377e-09
9	1.877822516479628e-09
10	8.346547360967466e-10
11	3.785580929077629e-09
12	4.030702172855515e-09
13	2.8646799568635812e-09
14	1.7557285897561069e-09
15	8.218595654405085e-10
16	3.831797740294134e-09
17	4.085475952676789e-09
18	2.911590461796759e-09
19	1.8013281175018843e-09
20	8.55166529719911e-10
21	4.082008485601785e-09
22	4.34970055877099e-09
23	3.1001630706585156e-09
24	1.91285205053185e-09
25	9.006657965820749e-10
26	5.415582267481076e-09
27	5.596228551512248e-09
28	3.749940781684057e-09
29	1.8798712644773966e-09
30	6.042570810607976e-10
31	4.049227354676732e-09
32	4.173539791308806e-09
33	2.760596794053011e-09
34	1.384481657836192e-09
35	4.778916455976339e-10
36	3.6837530765414523e-09
37	3.82048902823247e-09
38	2.562028991694608e-09
39	1.3345084313450968e-09
40	4.92856041521509e-10
41	4.090509086600763e-09
42	4.2358172239976e-09
43	2.8352804037674233e-09
44	1.463036085034676e-09
45	5.26272903054901e-10
46	4.786547010506166e-09
47	4.784796875789135e-09
48	2.9175122432963688e-09
49	1.247089275375499e-09
50	3.7521572367005747e-10
51	4.267190051225962e-09
52	4.2744063932956015e-09
53	2.6194051779872795e-09
54	1.1698748114189592e-09
55	4.040313984988777e-10
56	4.3003076066856485e-09
57	4.34019793732018e-09
58	2.715644592210762e-09
59	1.259720911933103e-09
60	4.391852690694316e-10
61	5.6302559553689625e-09
62	5.441198111680509e-09
63	3.0270328361454466e-09
64	1.1199497085817198e-09
65	3.708059223574885e-10
66	5.223447031920337e-09
67	5.098691006543953e-09
68	2.925948519876672e-09
69	1.1844764419982623e-09
70	4.222120402462851e-10
71	5.761494801520695e-09
72	5.563492274698956e-09
73	3.111827191873402e-09
74	1.2236990172269947e-09
75	4.4552048312750356e-10
