#	x_axis	Th_all
1	2.0474042508506034e-10
2	2.2707549314560042e-10
3	1.7232972291118313e-10
4	1.0620043739943389e-10
5	4.8954565571290657e-11
6	2.1626608482889033e-10
7	2.3802810857676897e-10
8	1.772747087721115e-10
9	1.0581196223178339e-10
10	4.771081694677847e-11
11	2.553881095575552e-10
12	2.8033364217408354e-10
13	2.0784773649669295e-10
14	1.2257372146856907e-10
15	5.4225567134035296e-11
16	3.0002750131144676e-10
17	3.2803390594845406e-10
18	2.412417047909376e-10
19	1.397180440496838e-10
20	6.043651641293942e-11
21	3.213746670519035e-10
22	3.5047472768850035e-10
23	2.5636747139710285e-10
24	1.469814535491303e-10
25	6.289320126899444e-11
26	2.729077210687225e-10
27	2.9488618488643365e-10
28	2.0996257011275427e-10
29	1.1507705262473026e-10
30	4.823246593580666e-11
31	3.2486846970838864e-10
32	3.494481352607292e-10
33	2.4661255644258665e-10
34	1.3278095485686184e-10
35	5.43981835361349e-11
36	3.9926169707399975e-10
37	4.268053190815238e-10
38	2.968427299619675e-10
39	1.5466039679838452e-10
40	6.090130007957049e-11
41	4.3988831067941166e-10
42	4.682616920791969e-10
43	3.2245395737649946e-10
44	1.6463570305009258e-10
45	6.341245527431473e-11
46	4.129342539162161e-10
47	4.3794594015375947e-10
48	2.9975993764359363e-10
49	1.5362395829553194e-10
50	6.030581339374877e-11
51	5.196688193369043e-10
52	5.457923516961824e-10
53	3.650776298207e-10
54	1.7875462070072978e-10
55	6.688888792037106e-11
56	5.848229437572787e-10
57	6.100097688473361e-10
58	4.012388292479633e-10
59	1.9018484679234165e-10
60	6.890801908225141e-11
61	6.876742163207282e-10
62	7.093925943299026e-10
63	4.5507648229953334e-10
64	2.070241310076643e-10
65	7.277902503750379e-11
66	7.869215744678443e-10
67	8.044870935887397e-10
68	5.047078109881976e-10
69	2.199867435149517e-10
70	7.433816230956129e-11
71	9.209291381202509e-10
72	9.289915953124561e-10
73	5.643047157031339e-10
74	2.3196272281430924e-10
75	7.486811658241617e-11
