#	x_axis	Th_all
1	5.02344171691869e-11
2	6.074633778420501e-11
3	4.360142090171021e-11
4	2.756111526251202e-11
5	1.879044367209378e-11
6	8.509642564866372e-11
7	1.0198693017358348e-10
8	7.553591974302535e-11
9	5.156898950910688e-11
10	3.57462977224766e-11
11	1.0710964997260292e-10
12	1.2907631200026278e-10
13	9.84428451396781e-11
14	6.915152929004907e-11
15	4.712607807865512e-11
16	1.3082687611744608e-10
17	1.5868164091811788e-10
18	1.237776761695028e-10
19	8.821303115912441e-11
20	5.898228552168453e-11
21	1.4210889076120487e-10
22	1.7315102076485024e-10
23	1.3635341456415746e-10
24	9.729411725901853e-11
25	6.428260504593576e-11
26	1.7343993298851902e-10
27	2.0765623494809262e-10
28	1.616710287678582e-10
29	1.1892104260329442e-10
30	8.187501764596658e-11
31	2.3895204791276427e-10
32	2.8886246971386387e-10
33	2.326189113664166e-10
34	1.7482895255018788e-10
35	1.1759442438332095e-10
36	3.0391920003226736e-10
37	3.6991561493519775e-10
38	3.0370368883770985e-10
39	2.3028004747126037e-10
40	1.524565727336652e-10
41	3.303602206767746e-10
42	4.0335821851750723e-10
43	3.3324287073748393e-10
44	2.528441494716111e-10
45	1.6622126494917954e-10
46	3.874898837347674e-10
47	4.783484908677407e-10
48	4.0438169330397204e-10
49	3.0850052881512995e-10
50	1.9861525259325322e-10
51	5.5514625097797e-10
52	6.948265201751401e-10
53	6.016309180599141e-10
54	4.5887618982162347e-10
55	2.866729035349312e-10
56	6.314767018400827e-10
57	7.946290921531714e-10
58	6.928041314550568e-10
59	5.266962073568977e-10
60	3.2498889613435865e-10
61	8.975488546132063e-10
62	1.1453757595906496e-09
63	1.0153913205815643e-09
64	7.637838839211996e-10
65	4.5428813606489185e-10
66	1.0882670322741679e-09
67	1.3997827202186005e-09
68	1.2479065258679397e-09
69	9.28101599794698e-10
70	5.392908743121558e-10
71	1.4061002925051657e-09
72	1.8279352724682383e-09
73	1.6358963946389165e-09
74	1.1927015497628334e-09
75	6.712634046767945e-10
