#	x_axis	Th_all
1	3.120607831228466e-10
2	3.2097962117722357e-10
3	2.2492762937268577e-10
4	1.5444088378286137e-10
5	8.730291577707214e-11
6	-4.6590182950999604e-11
7	-3.2138799390878185e-11
8	-2.902206056729091e-11
9	-4.2174035019286166e-11
10	-3.04393668265718e-11
11	-2.609894356818932e-10
12	-2.446040656282588e-10
13	-1.8787126449195983e-10
14	-1.5515588770622025e-10
15	-8.785494767424195e-11
16	-4.331393393474316e-10
17	-4.148155049104674e-10
18	-3.1401718959323984e-10
19	-2.4408285919926e-10
20	-1.3319888096860016e-10
21	-4.818253061078347e-10
22	-4.628097020929978e-10
23	-3.495464786913439e-10
24	-2.6897463816714767e-10
25	-1.457406717573342e-10
26	5.710022600309561e-10
27	5.851958524335275e-10
28	3.911275347079242e-10
29	2.559928972038655e-10
30	1.540292938158186e-10
31	4.150592368053632e-10
32	4.267019371235066e-10
33	2.6630327504251084e-10
34	1.8253225200690995e-10
35	1.358819574926957e-10
36	2.523949737595429e-10
37	2.6247740088324687e-10
38	1.4240350147577797e-10
39	1.1928161336384048e-10
40	1.276766859569491e-10
41	1.9343069021646078e-10
42	2.0397455458930081e-10
43	9.847833817367539e-11
44	9.738321625075823e-11
45	1.2448852888887676e-10
46	9.440901456321388e-10
47	9.561841746698559e-10
48	6.476123019410256e-10
49	4.3275730565265703e-10
50	2.5221889991067054e-10
51	1.1495902069171864e-09
52	1.164224825728909e-09
53	8.060825674114738e-10
54	5.65471191981531e-10
55	3.3498436535648204e-10
56	1.1136346932807627e-09
57	1.1320157120753915e-09
58	7.946443547656362e-10
59	5.831172023987192e-10
60	3.587158796738002e-10
61	2.2045602561811706e-09
62	2.217590313373037e-09
63	1.552957337437589e-09
64	1.013869938156021e-09
65	5.149908213824988e-10
66	2.3936831819004285e-09
67	2.4131048397686776e-09
68	1.7090315552773144e-09
69	1.1300458680502946e-09
70	5.715088992107561e-10
71	3.0196278945520412e-09
72	3.030856241387564e-09
73	2.1247916009056173e-09
74	1.3409593467090705e-09
75	6.33054849444508e-10
