#	x_axis	Th_all
1	4.282954100121393e-10
2	4.2129660183064286e-10
3	2.775339481732301e-10
4	1.6931576177178042e-10
5	8.023913435953088e-11
6	-3.3577637875422996e-11
7	-1.6087836563499177e-11
8	-2.2249841878368532e-11
9	-3.3961190161883304e-11
10	-1.3342336536461799e-11
11	-3.120677036216699e-10
12	-2.723886833652994e-10
13	-1.9408736475011067e-10
14	-1.336142548777711e-10
15	-4.8509663100771474e-11
16	-5.349625909332403e-10
17	-4.765677202472838e-10
18	-3.2951417401792813e-10
19	-2.1145188635870392e-10
20	-7.631223253876128e-11
21	-5.985336591746301e-10
22	-5.342039311637149e-10
23	-3.672260524822024e-10
24	-2.3262824180020952e-10
25	-8.363266648159372e-11
26	7.845577790880941e-10
27	7.662056110310654e-10
28	4.85760163235985e-10
29	2.9294180220491995e-10
30	1.566300993259603e-10
31	5.793859825518286e-10
32	5.888391975273275e-10
33	3.8127885400014106e-10
34	2.60979333601104e-10
35	1.6948757689531204e-10
36	3.762626392932274e-10
37	4.213636047434336e-10
38	2.9473831240153277e-10
39	2.50894389354896e-10
40	1.9397323549960907e-10
41	3.0577867977950143e-10
42	3.6450480971187066e-10
43	2.6516432517895673e-10
44	2.4784832896401153e-10
45	2.0182588818852717e-10
46	1.2138758857403615e-09
47	1.167244746303045e-09
48	7.385527011771136e-10
49	4.4665998212432544e-10
50	2.2977037317703563e-10
51	1.4341260172445753e-09
52	1.392739214253503e-09
53	9.113746424072335e-10
54	5.789886749691368e-10
55	2.9624066360706395e-10
56	1.3802480378168642e-09
57	1.3649913418677856e-09
58	9.241643891997736e-10
59	6.179679924218927e-10
60	3.232491469941418e-10
61	2.623606074184307e-09
62	2.4472149689456304e-09
63	1.5223731074532414e-09
64	8.478895339464928e-10
65	3.5887417755133387e-10
66	2.787739828578672e-09
67	2.615475827126275e-09
68	1.653507753813169e-09
69	9.355249777384085e-10
70	3.8896437890978933e-10
71	3.4094796068553983e-09
72	3.1445308786097086e-09
73	1.9270636589729712e-09
74	1.0216765295950456e-09
75	3.9330064388818525e-10
