#	x_axis	Th_all
1	1.4168603724492812e-09
2	1.7133293460006383e-09
3	1.425284646278979e-09
4	9.435337404146206e-10
5	4.6165169150635564e-10
6	8.804104515047671e-10
7	1.0583442962595122e-09
8	8.552718119053538e-10
9	5.321516667354009e-10
10	2.454713462328384e-10
11	8.247320675570198e-10
12	9.9065651018683e-10
13	8.037498692607049e-10
14	5.095966772679294e-10
15	2.412560615174746e-10
16	8.57402656595661e-10
17	1.0299552523262302e-09
18	8.367988486778161e-10
19	5.325667427061702e-10
20	2.5320639092057214e-10
21	9.181505625413821e-10
22	1.10281406458696e-09
23	8.950584040237867e-10
24	5.67336869349772e-10
25	2.6816872023098595e-10
26	1.1552565676401788e-09
27	1.3698783743737754e-09
28	1.043458073684614e-09
29	5.635228202026405e-10
30	2.1952706325781651e-10
31	9.150340660618141e-10
32	1.079178039040039e-09
33	8.148546922598008e-10
34	4.416202395626559e-10
35	1.763259690775577e-10
36	8.925280620559697e-10
37	1.055128271608623e-09
38	8.032488671238203e-10
39	4.4300683501586746e-10
40	1.8077364873183843e-10
41	1.0004740839672636e-09
42	1.1818973839418818e-09
43	8.96881389232041e-10
44	4.89946244295104e-10
45	1.9709813047253206e-10
46	1.083724022619224e-09
47	1.2461407710928114e-09
48	8.799360805816539e-10
49	4.28306591021841e-10
50	1.5413497915527558e-10
51	1.039361145760672e-09
52	1.1930463334356396e-09
53	8.429228075836029e-10
54	4.1644063254613733e-10
55	1.555664699288077e-10
56	1.097027204455273e-09
57	1.2646123820442035e-09
58	9.029149624566326e-10
59	4.522294943319501e-10
60	1.7011965201280655e-10
61	1.3577898196498641e-09
62	1.5140599766423731e-09
63	9.922243363112673e-10
64	4.3354662372561575e-10
65	1.485354246225095e-10
66	1.347543035772579e-09
67	1.5108253229207467e-09
68	1.0082655864942275e-09
69	4.583928543216313e-10
70	1.648083953791922e-10
71	1.5190353443312115e-09
72	1.6875020276841476e-09
73	1.1042340650007536e-09
74	4.903582814032718e-10
75	1.7740646070928265e-10
