#	x_axis	Th_all
1	5.487169178532841e-10
2	6.006616180059577e-10
3	4.442148545934391e-10
4	3.322891273179173e-10
5	2.2275698830218266e-10
6	4.970621179347655e-10
7	5.502228365176218e-10
8	4.160380010721386e-10
9	3.0742594006181226e-10
10	1.972842287082647e-10
11	5.695714113212951e-10
12	6.299535144916274e-10
13	4.768536115553499e-10
14	3.528658126759401e-10
15	2.2601205848071104e-10
16	6.654389574874268e-10
17	7.371164653061178e-10
18	5.620051553202039e-10
19	4.161543129430844e-10
20	2.635697260413666e-10
21	7.182700043968871e-10
22	7.96692257733679e-10
23	6.099005920932248e-10
24	4.5110303976314176e-10
25	2.83517117310434e-10
26	6.182268613093877e-10
27	6.985617220717054e-10
28	5.537063425222509e-10
29	4.0264219884469994e-10
30	2.364941003567356e-10
31	6.955815666530202e-10
32	7.859315101503687e-10
33	6.218595389243823e-10
34	4.4986136609368773e-10
35	2.629096724865694e-10
36	8.527442196080165e-10
37	9.660457005352186e-10
38	7.708163053083983e-10
39	5.57249885776165e-10
40	3.20898192537565e-10
41	9.55779532193184e-10
42	1.085188400134378e-09
43	8.701078167226458e-10
44	6.272418629823587e-10
45	3.5704754519771767e-10
46	8.840025015316198e-10
47	1.0043334394993396e-09
48	7.958729929816933e-10
49	5.602208180811925e-10
50	3.13610525795744e-10
51	1.1113568336113844e-09
52	1.2667801331978941e-09
53	1.0095430094819835e-09
54	7.044076527551025e-10
55	3.8507171032871073e-10
56	1.2772359890632758e-09
57	1.4602766716509852e-09
58	1.1688645988423595e-09
59	8.098717554857784e-10
60	4.3482524680540777e-10
61	1.5120256996508802e-09
62	1.732101412223995e-09
63	1.3803999210158927e-09
64	9.35433984717615e-10
65	4.880961017602966e-10
66	1.7679350315588899e-09
67	2.0309668769719054e-09
68	1.6218523223247158e-09
69	1.0877933858520495e-09
70	5.568209058765621e-10
71	2.1403146546702856e-09
72	2.4659892550462776e-09
73	1.965820729808645e-09
74	1.2945667717802698e-09
75	6.470090542086936e-10
