#	x_axis	Th_all
1	1.168993094411876e-11
2	1.5848277497951316e-11
3	1.3587021218717575e-11
4	8.600348485460246e-12
5	4.360014732053754e-12
6	-6.555818661627324e-13
7	-9.51516227242161e-13
8	-1.6913695806870762e-13
9	1.081118578643881e-12
10	1.2696814434154987e-12
11	-1.0353529517461958e-11
12	-1.3686690030705759e-11
13	-1.0069549083645462e-11
14	-3.94746375463418e-12
15	-6.850324682290467e-13
16	-1.8186809918622816e-11
17	-2.392917575294603e-11
18	-1.797872069151314e-11
19	-7.929498388274723e-12
20	-2.2184234554782214e-12
21	-2.049741382560643e-11
22	-2.6953835492879156e-11
23	-2.0313828026608883e-11
24	-9.09928995163516e-12
25	-2.6628207873303086e-12
26	3.7048733510812065e-11
27	5.071280268581449e-11
28	4.423690691764117e-11
29	2.8263799914550663e-11
30	1.4207225813079312e-11
31	3.4068513461050194e-11
32	4.806246964583973e-11
33	4.440619912419449e-11
34	3.017796203087318e-11
35	1.5771641716377477e-11
36	2.911852961350706e-11
37	4.343383210870914e-11
38	4.3868831297036264e-11
39	3.230068779432062e-11
40	1.7673952481644448e-11
41	2.6855868509339135e-11
42	4.1142084497713044e-11
43	4.318069249419372e-11
44	3.2790690743489336e-11
45	1.823833807182153e-11
46	7.38260246815842e-11
47	9.94296018395809e-11
48	8.296457417869255e-11
49	4.9446053809819065e-11
50	2.3270230907262547e-11
51	9.618833133448565e-11
52	1.3012757033572927e-10
53	1.0862687835006463e-10
54	6.420767183563325e-11
55	2.983685982863597e-11
56	9.81211021442451e-11
57	1.3427965215905877e-10
58	1.140068342099891e-10
59	6.84580411474001e-11
60	3.206087898009392e-11
61	1.7555710270755808e-10
62	2.2838037193579323e-10
63	1.7612771567668386e-10
64	9.334139528850566e-11
65	3.919401306288659e-11
66	1.9605601773040572e-10
67	2.549448232026025e-10
68	1.9579754211260087e-10
69	1.0263889652183779e-10
70	4.225783079766563e-11
71	2.460826331779521e-10
72	3.1323717947942613e-10
73	2.3090335798217905e-10
74	1.1428694803220529e-10
75	4.468655706514827e-11
