#	x_axis	Th_all
1	2.4267884855068915e-09
2	2.6124219534464217e-09
3	1.95968134132054e-09
4	1.2673056612179558e-09
5	5.907742649847551e-10
6	1.863441722999395e-10
7	1.8918077714621414e-10
8	1.0744807136806459e-10
9	-8.554010185911465e-12
10	-5.272701770949677e-11
11	-8.078860165917826e-10
12	-8.657937098419234e-10
13	-6.727405402933367e-10
14	-4.6227348927568553e-10
15	-2.282793844557073e-10
16	-1.5452307554016754e-09
17	-1.6416743413729416e-09
18	-1.2400462960382579e-09
19	-7.885066796437808e-10
20	-3.564529969397036e-10
21	-1.7134822927632732e-09
22	-1.8160839210776572e-09
23	-1.3634651462029543e-09
24	-8.560798721319908e-10
25	-3.8232005675877e-10
26	1.8879653251050207e-09
27	1.980465632171274e-09
28	1.3589734617082403e-09
29	6.907040584417443e-10
30	2.367531775698888e-10
31	4.998271754561577e-10
32	5.219107338482433e-10
33	3.3511691814675985e-10
34	1.8110707847618982e-10
35	9.462037558581663e-11
36	-6.079231676539308e-10
37	-6.018022973832385e-10
38	-3.964833509453809e-10
39	-1.1167718835285329e-10
40	5.072162046359478e-11
41	-8.642058826953015e-10
42	-8.573076119924902e-10
43	-5.57678037328743e-10
44	-1.7014118328465742e-10
45	4.4591490854570603e-11
46	1.449147132754904e-09
47	1.465021576055982e-09
48	8.970348851213841e-10
49	3.9067423354800836e-10
50	1.3752401779378308e-10
51	8.974004276121447e-10
52	9.437028911305857e-10
53	6.459888649398169e-10
54	3.935765403007822e-10
55	2.1190773224330867e-10
56	3.3926628421747086e-10
57	4.2227460365799393e-10
58	3.9633821347832646e-10
59	3.7155219821938475e-10
60	2.438129374914227e-10
61	2.6875854492079307e-09
62	2.7043983010053195e-09
63	1.6713264008817956e-09
64	7.686725625718606e-10
65	2.9957139782772524e-10
66	2.1490733774189124e-09
67	2.231223567007637e-09
68	1.503457752021873e-09
69	8.146924488664303e-10
70	3.472642885884262e-10
71	2.714551848516321e-09
72	2.7701586484126022e-09
73	1.790177554575552e-09
74	9.017067668474949e-10
75	3.6394116334839557e-10
