#	x_axis	Th_all
1	7.669494586549279e-10
2	8.42085099797983e-10
3	6.3439295501089e-10
4	4.460866282976755e-10
5	2.5119909008796254e-10
6	-8.396838301066454e-11
7	-7.34255945033167e-11
8	-5.907114597071024e-11
9	-7.647135602273593e-11
10	-6.327078368160466e-11
11	-5.574448835548356e-10
12	-5.870041918002443e-10
13	-4.6141309274297504e-10
14	-3.5637101781539183e-10
15	-2.0589164081050219e-10
16	-9.31960320904745e-10
17	-9.919225509851541e-10
18	-7.748282332824169e-10
19	-5.712818851773256e-10
20	-3.1497664240706157e-10
21	-1.0351191106569353e-09
22	-1.1030525669366786e-09
23	-8.600667530893479e-10
24	-6.285257462073253e-10
25	-3.434935535335591e-10
26	1.0117628132610123e-09
27	1.1157256716319132e-09
28	8.110936334269918e-10
29	5.204359794993375e-10
30	2.812933105039166e-10
31	5.238501467074932e-10
32	5.763091464232435e-10
33	3.830640846924984e-10
34	2.5653919791189016e-10
35	1.8489416378914574e-10
36	6.527549288212952e-11
37	7.53000605498764e-11
38	1.5185750840561522e-12
39	5.170834387414375e-11
40	1.3231123751217298e-10
41	-7.834270430846313e-11
42	-8.014301135245522e-11
43	-1.1567242075067946e-10
44	-9.08347947903874e-12
45	1.1730093768366937e-10
46	1.3582489366702851e-09
47	1.4827194231924628e-09
48	1.0581751175254933e-09
49	6.761724745874232e-10
50	3.743799084680904e-10
51	1.4516207110193866e-09
52	1.5903625832744439e-09
53	1.1667844736720452e-09
54	8.13300360946354e-10
55	4.871314505217915e-10
56	1.2536040331249079e-09
57	1.3834627630140232e-09
58	1.0426295780380353e-09
59	7.900575917892214e-10
60	5.068880999171955e-10
61	3.073466363302266e-09
62	3.3457963874483244e-09
63	2.4471742408930517e-09
64	1.5512064242884056e-09
65	7.820518228180712e-10
66	3.128076173996976e-09
67	3.418449358202193e-09
68	2.542405844304349e-09
69	1.6600640320634698e-09
70	8.428129459886433e-10
71	3.94485246374721e-09
72	4.294362345477009e-09
73	3.1540653580282807e-09
74	1.9721592057716665e-09
75	9.471109097880037e-10
