#	x_axis	Th_all
1	1.3849388508310466e-10
2	1.5353386435131425e-10
3	1.0725446475735199e-10
4	7.107921859780471e-11
5	4.603064691542045e-11
6	2.2190863400037416e-10
7	2.4374922535484313e-10
8	1.7399978108459596e-10
9	1.1834610989068956e-10
10	7.399321370721552e-11
11	2.7115998687040525e-10
12	2.9699352960773346e-10
13	2.1378999439603195e-10
14	1.4502877788239246e-10
15	8.803933744012102e-11
16	3.212601186697162e-10
17	3.509865791403839e-10
18	2.5369677089301436e-10
19	1.7102531429126474e-10
20	1.0133311152340199e-10
21	3.4213772732904403e-10
22	3.7326655987129667e-10
23	2.6968107137789906e-10
24	1.8076615121209404e-10
25	1.0601530532733078e-10
26	4.1062853022687116e-10
27	4.4793561521142133e-10
28	3.281964044103685e-10
29	2.2649827484332024e-10
30	1.3382963554272705e-10
31	5.433769810412412e-10
32	5.916804579287731e-10
33	4.373905012379926e-10
34	2.9871103386690195e-10
35	1.692243602417915e-10
36	6.735599460641573e-10
37	7.324183632129439e-10
38	5.436109054116979e-10
39	3.678427425050706e-10
40	2.0255531603904066e-10
41	7.244042623023763e-10
42	7.87159521297486e-10
43	5.843716783513037e-10
44	3.9352858362935887e-10
45	2.1451504268394369e-10
46	8.081659055492018e-10
47	8.778889691326081e-10
48	6.527429785729646e-10
49	4.325481997073846e-10
50	2.282744814627446e-10
51	1.0955363411554788e-09
52	1.1872418817403465e-09
53	8.818410385480123e-10
54	5.692451314684435e-10
55	2.855325469504555e-10
56	1.2203630143499593e-09
57	1.3207821169282127e-09
58	9.786190669986722e-10
59	6.240258857870572e-10
60	3.0694112084196223e-10
61	1.621749094373062e-09
62	1.749482820524202e-09
63	1.2866880889987696e-09
64	7.920076749632204e-10
65	3.6771883103279797e-10
66	1.8911116161398536e-09
67	2.0338387641478574e-09
68	1.4830945355926519e-09
69	8.898495167931758e-10
70	3.987767482971498e-10
71	2.2956691951710395e-09
72	2.4551349892102217e-09
73	1.7611791397663759e-09
74	1.0146615699343045e-09
75	4.325124178275405e-10
