#	x_axis	Th_all
1	5.44523141302506e-10
2	5.850163117264338e-10
3	4.1077880344272574e-10
4	2.733513342757061e-10
5	1.5762523960414796e-10
6	-3.801238946950224e-11
7	-4.7327687726394405e-12
8	-9.493797473561195e-12
9	-5.073967409968367e-11
10	-4.52431364471595e-11
11	-4.135883498410865e-10
12	-3.877383923600014e-10
13	-2.9391431478958656e-10
14	-2.5498422176892307e-10
15	-1.550726037038713e-10
16	-7.16174501502965e-10
17	-6.956427949119871e-10
18	-5.206281713025351e-10
19	-4.157755764348936e-10
20	-2.4115417503683205e-10
21	-8.037342659595101e-10
22	-7.844241263645882e-10
23	-5.858290023116439e-10
24	-4.6162315414772185e-10
25	-2.653778576791521e-10
26	1.1371534147852901e-09
27	1.2121900820093231e-09
28	8.137953957373737e-10
29	5.193085451193428e-10
30	3.181426515469158e-10
31	8.837887645531309e-10
32	9.48774394461603e-10
33	6.011334674662168e-10
34	3.8811361757387985e-10
35	2.843176102316813e-10
36	6.091423144273512e-10
37	6.660872126866221e-10
38	3.8233982115679505e-10
39	2.729359317808399e-10
40	2.696599343398072e-10
41	5.088905300580898e-10
42	5.621547427481997e-10
43	3.053328631943644e-10
44	2.3092918980553292e-10
45	2.6488083370463564e-10
46	1.884966578551238e-09
47	1.9808658237396046e-09
48	1.3440675523598794e-09
49	8.810120704992247e-10
50	5.286541003385084e-10
51	2.2801360808981e-09
52	2.3929736227375764e-09
53	1.6515087039088554e-09
54	1.1356314905757946e-09
55	6.970960296414058e-10
56	2.2171885002612938e-09
57	2.334025330075052e-09
58	1.62529251529265e-09
59	1.1618528949670615e-09
60	7.387466736684725e-10
61	4.2220916984033875e-09
62	4.389088884512924e-09
63	3.072793200401099e-09
64	2.0054113990025083e-09
65	1.0677234625779878e-09
66	4.547369293313453e-09
67	4.732199754010375e-09
68	3.342629378263876e-09
69	2.209264281717645e-09
70	1.1689521524455541e-09
71	5.651826078412673e-09
72	5.858647653193842e-09
73	4.117089551616319e-09
74	2.6256066259779353e-09
75	1.3116636231034381e-09
