#	x_axis	Th_all
1	4.229869655019957e-09
2	4.2942456915296995e-09
3	3.0219256928802898e-09
4	2.0576274432787804e-09
5	1.095121873289608e-09
6	2.6266571779206672e-09
7	2.653362534172772e-09
8	1.8485632213296415e-09
9	1.1856033306600193e-09
10	5.782580693301928e-10
11	2.5059676539769085e-09
12	2.533819340615204e-09
13	1.7592331525167133e-09
14	1.1440829578308917e-09
15	5.797737506301741e-10
16	2.6231577041279025e-09
17	2.652210801259388e-09
18	1.8420325958162947e-09
19	1.20257902006203e-09
20	6.131240616355066e-10
21	2.801730010491787e-09
22	2.830392673028754e-09
23	1.966580204709106e-09
24	1.2805419561111407e-09
25	6.475719941952276e-10
26	3.2763334750037383e-09
27	3.252227066801067e-09
28	2.210744562131795e-09
29	1.2389818922194004e-09
30	4.6474810738188804e-10
31	2.6453777047440284e-09
32	2.6207832184197877e-09
33	1.7557538186291255e-09
34	9.79144024028489e-10
35	3.8413093588629117e-10
36	2.6124448695213934e-09
37	2.5949893294071382e-09
38	1.7484583076164142e-09
39	9.935834559534015e-10
40	4.029282688974022e-10
41	2.9141372190699897e-09
42	2.8897428746700162e-09
43	1.9449685958022604e-09
44	1.0959628320123747e-09
45	4.3448165822412334e-10
46	3.083938667747906e-09
47	2.9867225994896744e-09
48	1.8810183016350855e-09
49	9.255369938962738e-10
50	3.188258950897759e-10
51	2.9875096224243697e-09
52	2.8925664894532687e-09
53	1.8185807906256144e-09
54	9.110132682171249e-10
55	3.362080701693838e-10
56	3.155691341160776e-09
57	3.0650025260431095e-09
58	1.9475590296642257e-09
59	9.921781626293996e-10
60	3.6634361656229967e-10
61	3.823895764698693e-09
62	3.6036637344772687e-09
63	2.110692945592232e-09
64	9.211954428566241e-10
65	3.134612794662499e-10
66	3.813553879476928e-09
67	3.6126450166661355e-09
68	2.1523567780764224e-09
69	9.85550180805981e-10
70	3.541432530110888e-10
71	4.269950148113395e-09
72	4.0094372476773944e-09
73	2.3414948999104236e-09
74	1.0457786805258743e-09
75	3.7911502844891095e-10
