#	x_axis	Th_all
1	7.652784618688237e-11
2	8.311966203372427e-11
3	5.727615880157961e-11
4	3.514263643116087e-11
5	2.0384611277035474e-11
6	4.680734334354828e-11
7	5.306744581553094e-11
8	3.491187267626435e-11
9	2.4599886676407924e-11
10	2.0245689735542407e-11
11	1.0942735857455913e-11
12	1.6988481732303946e-11
13	9.587647369706591e-12
14	1.2326432737404983e-11
15	1.7397032238403516e-11
16	-1.7374646011941955e-11
17	-1.1333065429276567e-11
18	-1.0251000729606524e-11
19	2.881454148221892e-12
20	1.536149457518352e-11
21	-2.55888769267845e-11
22	-1.9603284091964097e-11
23	-1.6169420394203266e-11
24	5.452854504970687e-15
25	1.4770307268791627e-11
26	2.947652724870671e-10
27	3.133813404220847e-10
28	2.2531290378407186e-10
29	1.4735522220244883e-10
30	7.915141863222333e-11
31	3.199840156186218e-10
32	3.4286814099014834e-10
33	2.5198002207705996e-10
34	1.7072049348543355e-10
35	9.258891304671482e-11
36	3.3238233570069343e-10
37	3.6086429129334286e-10
38	2.7336258692130214e-10
39	1.9352987615080894e-10
40	1.0662349789236693e-10
41	3.3298659184076546e-10
42	3.634524388616023e-10
43	2.7841767638013864e-10
44	2.002697955777424e-10
45	1.1108965010844593e-10
46	5.638540599724707e-10
47	5.892333097235602e-10
48	4.1734389960580763e-10
49	2.536164636294521e-10
50	1.1954668833738104e-10
51	7.345101233866125e-10
52	7.660318733467538e-10
53	5.431792956154943e-10
54	3.236110714767598e-10
55	1.45232928193611e-10
56	7.707864875545121e-10
57	8.069828548066334e-10
58	5.774699104093211e-10
59	3.4644946724420487e-10
60	1.5451782341793183e-10
61	1.1957546801056571e-09
62	1.2164798793120742e-09
63	8.19541775965207e-10
64	4.369455497945422e-10
65	1.717352887019375e-10
66	1.3392895118634852e-09
67	1.3590356911420938e-09
68	9.10274844013545e-10
69	4.756221387331435e-10
70	1.8038999155314616e-10
71	1.6251823871497021e-09
72	1.624179424507933e-09
73	1.0502147455724239e-09
74	5.138911415297644e-10
75	1.8257235052169299e-10
