#	x_axis	Th_all
1	3.4800471752842632e-12
2	5.176838111702089e-12
3	5.2180007986028324e-12
4	4.139559532224804e-12
5	2.620316913675681e-12
6	6.6312290960352434e-12
7	1.0065408075325428e-11
8	1.0258677438762084e-11
9	8.053556820657741e-12
10	4.994686414508541e-12
11	8.553535025188793e-12
12	1.3051713160113313e-11
13	1.322756412903337e-11
14	1.021851039893956e-11
15	6.228894601734348e-12
16	1.079829414272099e-11
17	1.650893874085163e-11
18	1.6583608617756632e-11
19	1.2585994911506763e-11
20	7.532079741172216e-12
21	1.2007673351748576e-11
22	1.8323287293849378e-11
23	1.824295959167836e-11
24	1.3663634066796896e-11
25	8.075110296876339e-12
26	1.8662307940276953e-11
27	2.895976695819701e-11
28	2.9593649090540564e-11
29	2.2664300563855035e-11
30	1.3596711256823747e-11
31	2.671085874682233e-11
32	4.1611731514112516e-11
33	4.227506848841506e-11
34	3.1905674838413564e-11
35	1.8837863012356447e-11
36	3.4250357836988174e-11
37	5.3437431156278123e-11
38	5.408171541438261e-11
39	4.04707335301702e-11
40	2.3673312577549207e-11
41	3.7217898286376516e-11
42	5.804042318072423e-11
43	5.857390131009587e-11
44	4.3639255960393003e-11
45	2.54145785958981e-11
46	4.9488058597963474e-11
47	7.718545916735387e-11
48	7.695057544484414e-11
49	5.6131522426351665e-11
50	3.198233019659065e-11
51	7.39941080523189e-11
52	1.1524770902512868e-10
53	1.1358748864501329e-10
54	8.130421790547201e-11
55	4.540462804913325e-11
56	8.443902802256877e-11
57	1.313395484896994e-10
58	1.2881460330026837e-10
59	9.153066335244913e-11
60	5.0727309798181915e-11
61	1.2908279452081913e-10
62	1.997289628753004e-10
63	1.9248390501115098e-10
64	1.3319997465523488e-10
65	7.167279680288298e-11
66	1.5848059117851167e-10
67	2.44163160307845e-10
68	2.3274479103000225e-10
69	1.5851867052453488e-10
70	8.373882137386941e-11
71	2.1006340005311528e-10
72	3.206496444890678e-10
73	2.9945594266035727e-10
74	1.98094086653134e-10
75	1.01117303090986e-10
