#	x_axis	Th_all
1	2.6898091584121753e-10
2	3.5954174439965526e-10
3	2.975862963614982e-10
4	1.72001429265789e-10
5	7.669942055709099e-11
6	1.733753362657986e-10
7	2.2626254963781443e-10
8	1.7846622800356212e-10
9	9.6936981901732e-11
10	4.1108449304282386e-11
11	1.6538214320772998e-10
12	2.1688178356739064e-10
13	1.7339574276889868e-10
14	9.630595768242012e-11
15	4.1785519627113995e-11
16	1.7430569778334429e-10
17	2.2875367779008302e-10
18	1.8321161765654484e-10
19	1.0201939142096305e-10
20	4.438998240691787e-11
21	1.8694851399961871e-10
22	2.4496333616120686e-10
23	1.9545265796944943e-10
24	1.0819180740591397e-10
25	4.679688575373242e-11
26	2.273712106635179e-10
27	2.8234087869566673e-10
28	1.9919497682453717e-10
29	9.065935045448058e-11
30	3.201776270389647e-11
31	1.8493930826079787e-10
32	2.2903256426020426e-10
33	1.620035673705062e-10
34	7.499010798420466e-11
35	2.7384549700906725e-11
36	1.849041102507711e-10
37	2.302269321672011e-10
38	1.64760279871691e-10
39	7.774187823268114e-11
40	2.9026908841344288e-11
41	2.0749496212047302e-10
42	2.575037098438391e-10
43	1.8276237814169835e-10
44	8.492910194004878e-11
45	3.1130573276878684e-11
46	2.1880348864514324e-10
47	2.598282104027658e-10
48	1.696161279668618e-10
49	6.960600497694824e-11
50	2.2714438364745606e-11
51	2.1477628538767324e-10
52	2.5528060240782366e-10
53	1.6784058266249446e-10
54	7.046106500455705e-11
55	2.4193163975090387e-11
56	2.2890665940052993e-10
57	2.734227242978987e-10
58	1.8119579091183548e-10
59	7.670801173453173e-11
60	2.6287556751596595e-11
61	2.7894690538903826e-10
62	3.166620843004081e-10
63	1.8988683054644267e-10
64	6.892735482302504e-11
65	2.2165882178840307e-11
66	2.8115168211125955e-10
67	3.2211555343661253e-10
68	1.974244393134562e-10
69	7.490110974970943e-11
70	2.5175753877777077e-11
71	3.177337800880067e-10
72	3.590543171232856e-10
73	2.1459513043034974e-10
74	7.879066723917817e-11
75	2.6881846123155284e-11
