# x_axis	Th_all
1	2.9180640618536566e-11
2	4.4514695545740105e-11
3	4.013177829577848e-11
4	2.5211016968816957e-11
5	1.231147181391263e-11
6	2.183692553019177e-11
7	3.2524201614943835e-11
8	2.8297990084924577e-11
9	1.70329219733944e-11
10	8.005279007777482e-12
11	2.2576014236948944e-11
12	3.373211489291319e-11
13	2.9523533259305104e-11
14	1.792997220959051e-11
15	8.515222927216086e-12
16	2.5163218540843122e-11
17	3.750942007927915e-11
18	3.271295052008198e-11
19	1.9780222396831728e-11
20	9.354981305739152e-12
21	2.7196719977848588e-11
22	4.0413973651188094e-11
23	3.507616195329645e-11
24	2.1081037145428314e-11
25	9.913117498784113e-12
26	2.9000454076206383e-11
27	4.102621795865049e-11
28	3.28105075299353e-11
29	1.758807069510833e-11
30	7.330270763083584e-12
31	2.7026343237635556e-11
32	3.8193225420702845e-11
33	3.058470971023408e-11
34	1.6512033682991826e-11
35	6.995827403961095e-12
36	3.01662760541337e-11
37	4.261453563200118e-11
38	3.409035576471901e-11
39	1.836520071519655e-11
40	7.753926865085662e-12
41	3.411022840569438e-11
42	4.7945049672246955e-11
43	3.802504202962139e-11
44	2.0225846994968135e-11
45	8.421487388027574e-12
46	3.292209686463817e-11
47	4.501397494096149e-11
48	3.4274388683222165e-11
49	1.735505512327688e-11
50	6.972210365219241e-12
51	3.6561150771763336e-11
52	4.979332408049606e-11
53	3.7696200796486964e-11
54	1.8957696433970146e-11
55	7.583355557962773e-12
56	4.0938412568756675e-11
57	5.560593014872499e-11
58	4.186512617712848e-11
59	2.084947139702341e-11
60	8.237780881968591e-12
61	4.822157409184051e-11
62	6.343933960185844e-11
63	4.541262866203229e-11
64	2.1155041967949377e-11
65	7.975252493493369e-12
66	5.2817459801621434e-11
67	6.943503008300884e-11
68	4.963744079368878e-11
69	2.307989820585069e-11
70	8.703559122382182e-12
71	6.178988731020514e-11
72	8.008525802925855e-11
73	5.595866617553532e-11
74	2.5249470161820908e-11
75	9.397553616989105e-12
