#	x_axis	Th_all
1	1.348690428422594e-10
2	1.68719715500243e-10
3	1.48229829990604e-10
4	1.131705667846903e-10
5	6.955428127516945e-11
6	1.3104711127971187e-10
7	1.6578617212825993e-10
8	1.465057209077302e-10
9	1.0995014787530954e-10
10	6.601533087507402e-11
11	1.5387953471288402e-10
12	1.9496938902441222e-10
13	1.7259157409661044e-10
14	1.2926512478640742e-10
15	7.713546474031285e-11
16	1.8328688648630454e-10
17	2.3311889940443893e-10
18	2.0699172286248254e-10
19	1.5424713657162284e-10
20	9.112098567861415e-11
21	1.9923700570656496e-10
22	2.5394727582438376e-10
23	2.2566920464926305e-10
24	1.6748142770688348e-10
25	9.834093746462077e-11
26	1.7189932728378437e-10
27	2.2249657603314148e-10
28	1.9934648432793327e-10
29	1.4500117639049596e-10
30	8.289313840855954e-11
31	2.018938109286665e-10
32	2.6164676257618574e-10
33	2.341398525414254e-10
34	1.6930330883217065e-10
35	9.593040938770676e-11
36	2.5459942277608636e-10
37	3.3150773102826847e-10
38	2.975253596127604e-10
39	2.1370691548888557e-10
40	1.196136035031991e-10
41	2.87258847276072e-10
42	3.750217535778599e-10
43	3.3677419977489584e-10
44	2.405812330526728e-10
45	1.3355391829285158e-10
46	2.6641912192435857e-10
47	3.4674182346656353e-10
48	3.078293593596719e-10
49	2.1647353014212549e-10
50	1.1804974204298045e-10
51	3.4845778417419965e-10
52	4.5539421688838874e-10
53	4.0362482733491475e-10
54	2.796297532643313e-10
55	1.4913439851820304e-10
56	4.062835987613961e-10
57	5.324229173758989e-10
58	4.711226267659631e-10
59	3.2297768425872445e-10
60	1.6968110347386114e-10
61	4.923841571025566e-10
62	6.452910891528399e-10
63	5.657599933247232e-10
64	3.7992708876211244e-10
65	1.9489873960515104e-10
66	5.890740928718888e-10
67	7.734102875465301e-10
68	6.75085145700679e-10
69	4.4706638000427895e-10
70	2.2554556902901293e-10
71	7.310398797369987e-10
72	9.605048440424701e-10
73	8.31154746324072e-10
74	5.399316810869475e-10
75	2.6774838154269784e-10
