#	x_axis	Th_all
1	1.0668276336828493e-09
2	1.0129132455023067e-09
3	6.039470757572922e-10
4	4.426181005608224e-10
5	3.332811636498366e-10
6	-1.586259724310202e-10
7	-1.1366180204091059e-10
8	-1.6857367015772753e-11
9	-2.13803914003849e-11
10	-5.998521290289088e-11
11	-7.591219334097109e-10
12	-6.651826615530697e-10
13	-3.7608950638839077e-10
14	-3.095419472622241e-10
15	-2.62580155899761e-10
16	-1.2335902875126523e-09
17	-1.102512224587722e-09
18	-6.588450955120296e-10
19	-5.313601571913558e-10
20	-4.179055129120338e-10
21	-1.3596087051038405e-09
22	-1.2186790902426012e-09
23	-7.345786088002244e-10
24	-5.902750415257318e-10
25	-4.5828163686051034e-10
26	1.145617644911162e-09
27	1.1358835096809123e-09
28	7.267728265506945e-10
29	4.884687214645702e-10
30	3.117869374631976e-10
31	5.325188264557068e-10
32	5.56599082302594e-10
33	2.8293187311469993e-10
34	1.1769956821370413e-10
35	1.0181826948092488e-10
36	-2.987594203626704e-11
37	1.588554205308561e-11
38	-1.4845903490578686e-10
39	-2.2189134488970249e-10
40	-6.679837408761414e-11
41	-2.068125057656805e-10
42	-1.5363044015980063e-10
43	-2.837750209361543e-10
44	-3.253608243782112e-10
45	-1.1692143883965353e-10
46	1.493412111338747e-09
47	1.4711672195660946e-09
48	9.091336666581505e-10
49	5.873509436896974e-10
50	3.8140823964700077e-10
51	1.6114538789721197e-09
52	1.5607034405237284e-09
53	9.155215832314474e-10
54	6.213790027976762e-10
55	4.6474051856896346e-10
56	1.3827463904430936e-09
57	1.3254119201294002e-09
58	7.235094413104446e-10
59	5.13441234036986e-10
60	4.507467932892049e-10
61	3.5732123690287563e-09
62	3.4517547240721685e-09
63	2.2652482526658684e-09
64	1.6092651384874504e-09
65	1.0014080011832686e-09
66	3.704766294606409e-09
67	3.5637117782155782e-09
68	2.339093947818199e-09
69	1.717046844723132e-09
70	1.1055726456494735e-09
71	4.8040917328908e-09
72	4.641227188869054e-09
73	3.1277793127727708e-09
74	2.2497627375219713e-09
75	1.3452677912633816e-09
