#	x_axis	Th_all
1	3.152630551135717e-11
2	4.454788404228094e-11
3	3.6706992686910986e-11
4	2.0832757582228473e-11
5	9.318852933630992e-12
6	2.8888847856905997e-11
7	4.007200101672853e-11
8	3.211784760539862e-11
9	1.7662574016137224e-11
10	7.738889429945958e-12
11	3.269956945755522e-11
12	4.531314292086768e-11
13	3.625754298151912e-11
14	1.9889024968435658e-11
15	8.683404108008864e-12
16	3.7901503144413387e-11
17	5.2229765201586006e-11
18	4.139886451997987e-11
19	2.2422107561004777e-11
20	9.674362897401799e-12
21	4.078385218465593e-11
22	5.596796923669533e-11
23	4.4057613240462205e-11
24	2.3646255856625377e-11
25	1.0119139249028496e-11
26	3.645501288484093e-11
27	4.8181738054021463e-11
28	3.561453019814989e-11
29	1.7569030883205306e-11
30	7.028120112315988e-12
31	3.957813774022732e-11
32	5.2218903740089437e-11
33	3.853945721041602e-11
34	1.900611994609757e-11
35	7.608069907863472e-12
36	4.725101483922647e-11
37	6.192369151991747e-11
38	4.511524898830464e-11
39	2.1794302974347884e-11
40	8.535234547661831e-12
41	5.266617661951593e-11
42	6.852566395498116e-11
43	4.927162647652757e-11
44	2.3319127325342245e-11
45	8.940886722375413e-12
46	4.897156587555053e-11
47	6.291859602406416e-11
48	4.451837999231818e-11
49	2.0802896319900515e-11
50	8.04255004514116e-12
51	5.870534754020849e-11
52	7.471785061121907e-11
53	5.197952428878556e-11
54	2.3685365483075285e-11
55	8.980393190201044e-12
56	6.596215826181761e-11
57	8.326806261976567e-11
58	5.701546542026588e-11
59	2.5293947019077642e-11
60	9.317473826053692e-12
61	7.657034853802644e-11
62	9.459685125807621e-11
63	6.258809914256239e-11
64	2.6650589712537464e-11
65	9.83054138056387e-12
66	8.592323260653457e-11
67	1.0534871117264755e-10
68	6.866518480696693e-11
69	2.847961089407362e-11
70	1.02340079209858e-11
71	9.978913340790765e-11
72	1.2034333938252716e-10
73	7.614746913239504e-11
74	3.0175866265178954e-11
75	1.0556272847022126e-11
