#	x_axis	Th_all
1	3.846993748986585e-10
2	3.9332198695107385e-10
3	2.495759177830611e-10
4	1.546641445549443e-10
5	9.411513741817747e-11
6	5.735412871867632e-10
7	5.739947260121156e-10
8	3.639331237257322e-10
9	2.2703337698524322e-10
10	1.3205164653765849e-10
11	6.882085934878476e-10
12	6.805204958257607e-10
13	4.299429191237006e-10
14	2.660035181038548e-10
15	1.497336207361213e-10
16	8.024385757939292e-10
17	7.856485245304785e-10
18	4.940574028148101e-10
19	3.0275955292405504e-10
20	1.6598629595647928e-10
21	8.481529074706648e-10
22	8.268122729113728e-10
23	5.18239982564138e-10
24	3.1577725436717565e-10
25	1.7146131211643451e-10
26	9.417475206098016e-10
27	9.20072457008315e-10
28	5.822651379295808e-10
29	3.6128683474765053e-10
30	1.9584373388194325e-10
31	1.2048816996853343e-09
32	1.1599150638260631e-09
33	7.293007301574336e-10
34	4.4368434417231355e-10
35	2.2799331217119827e-10
36	1.4675977225645955e-09
37	1.3975864226835368e-09
38	8.730564461210852e-10
39	5.22014280266208e-10
40	2.5748609516630175e-10
41	1.5717649350046104e-09
42	1.4905800283987353e-09
43	9.280069148147047e-10
44	5.505837519172649e-10
45	2.6758930639261125e-10
46	1.6643541800425557e-09
47	1.5685899379903515e-09
48	9.709234732010195e-10
49	5.66352157815971e-10
50	2.671591082475494e-10
51	2.163005975903178e-09
52	2.0052966218190545e-09
53	1.2211339974709072e-09
54	6.846322360008056e-10
55	3.006097684861017e-10
56	2.3821846121974365e-09
57	2.1931827305200257e-09
58	1.3239990078746255e-09
59	7.283429077208032e-10
60	3.1063156766717185e-10
61	2.9933483896554667e-09
62	2.713133683895971e-09
63	1.6046367426068278e-09
64	8.411342802025644e-10
65	3.3130392859896296e-10
66	3.4099876374485105e-09
67	3.0566608449797564e-09
68	1.776041274373007e-09
69	8.968407718916786e-10
70	3.3575093495093633e-10
71	3.99000876803257e-09
72	3.521467055217746e-09
73	1.9902657958457057e-09
74	9.50458210883081e-10
75	3.3287602798770494e-10
