#	x_axis	Th_all
1	1.1085678475275507e-10
2	1.1911892081528487e-10
3	7.779206771739809e-11
4	4.646889279927443e-11
5	2.8920707983870566e-11
6	1.0600424640832368e-10
7	1.1679583981537282e-10
8	7.438609700891636e-11
9	4.73499498918631e-11
10	3.58176427995284e-11
11	7.54165263700035e-11
12	8.778033622336138e-11
13	5.4324631162766886e-11
14	3.7183939657579836e-11
15	3.423497080655561e-11
16	5.260240956910868e-11
17	6.650049388815253e-11
18	3.931966871602387e-11
19	2.9834397402419136e-11
20	3.344096027943592e-11
21	4.654247320290184e-11
22	6.074897821399756e-11
23	3.4984226209429635e-11
24	2.7530631135573264e-11
25	3.3190360478960256e-11
26	4.554148564073018e-10
27	4.67372781776032e-10
28	3.18555317162267e-10
29	2.099826248197185e-10
30	1.1939261376099848e-10
31	5.221159680500643e-10
32	5.368184725711104e-10
33	3.707364878157809e-10
34	2.497231446508934e-10
35	1.4147214232415157e-10
36	5.692811067944919e-10
37	5.887775642919037e-10
38	4.1356994788114645e-10
39	2.8665423966123516e-10
40	1.634988101651858e-10
41	5.806099651840049e-10
42	6.020119717406682e-10
43	4.2534385791355895e-10
44	2.9782654224140514e-10
45	1.7055849255121777e-10
46	8.760158497316409e-10
47	8.785296448298906e-10
48	5.962475749352795e-10
49	3.7030521388865474e-10
50	1.8261091343535496e-10
51	1.1481288542690313e-09
52	1.1450771529901833e-09
53	7.776982359726097e-10
54	4.735242945888826e-10
55	2.2091347659661845e-10
56	1.2187804893128147e-09
57	1.2172447176944096e-09
58	8.312272763845283e-10
59	5.075885516207054e-10
60	2.345220045515126e-10
61	1.8138290693722472e-09
62	1.7677015791803259e-09
63	1.1574753954250024e-09
64	6.415709258263403e-10
65	2.617880174814236e-10
66	2.0428049786289104e-09
67	1.9829193851071535e-09
68	1.2900461114083967e-09
69	6.997692595816972e-10
70	2.745757219977283e-10
71	2.464986054818584e-09
72	2.35888911766245e-09
73	1.489576304940196e-09
74	7.602058749459194e-10
75	2.782637714525497e-10
