#	x_axis	Th_all
1	8.601722281248944e-10
2	9.331598568248756e-10
3	7.025389953976158e-10
4	5.010114023083462e-10
5	2.912626715709356e-10
6	7.501176386346429e-10
7	8.163433700702518e-10
8	6.145010101324946e-10
9	4.251092997631133e-10
10	2.3720598756145354e-10
11	8.413266275274238e-10
12	9.142590586888959e-10
13	6.877031500694116e-10
14	4.764402518980575e-10
15	2.6594046065176884e-10
16	9.683305421036682e-10
17	1.0518267630086994e-09
18	7.926005440641021e-10
19	5.471449115645356e-10
20	3.020818773521919e-10
21	1.0402562258052727e-09
22	1.1296908368584727e-09
23	8.517433890565904e-10
24	5.857028329206556e-10
25	3.2069268610329823e-10
26	9.163793477459636e-10
27	1.0008517825205746e-09
28	7.560185782895192e-10
29	4.908182204427956e-10
30	2.449013429959311e-10
31	9.866843496864943e-10
32	1.0750634669325293e-09
33	8.072342424872749e-10
34	5.216736244683806e-10
35	2.6039922039555155e-10
36	1.1747096168049979e-09
37	1.279677179054002e-09
38	9.627869661645915e-10
39	6.187679625131397e-10
40	3.038840900775831e-10
41	1.3093735103578966e-09
42	1.4258871572705748e-09
43	1.0724628653222018e-09
44	6.834485689106644e-10
45	3.2999609982080305e-10
46	1.2149286729979463e-09
47	1.31574051633644e-09
48	9.687138588974626e-10
49	5.987153923000823e-10
50	2.8439975252464606e-10
51	1.4605387632303314e-09
52	1.5794358430847974e-09
53	1.1599823767348909e-09
54	7.083793669256625e-10
55	3.3012318016441486e-10
56	1.648700049180111e-09
57	1.7818250499085077e-09
58	1.3062771701444793e-09
59	7.876188697252326e-10
60	3.582494199185116e-10
61	1.912615024977734e-09
62	2.0553054669917156e-09
63	1.4808556605959264e-09
64	8.653611364025875e-10
65	3.8656718027385395e-10
66	2.1666253237784843e-09
67	2.325726879492834e-09
68	1.6703915060307082e-09
69	9.636073157069791e-10
70	4.214660902660796e-10
71	2.5417442109276122e-09
72	2.718088181660007e-09
73	1.9299990821441938e-09
74	1.0851028853886817e-09
75	4.6206327329793156e-10
