#	x_axis	Th_all
1	7.677839281525052e-11
2	9.946372475635392e-11
3	8.230769977066831e-11
4	4.86810607964197e-11
5	2.188379462082587e-11
6	-1.1155565795772391e-11
7	-1.6250133075432223e-11
8	-1.6665646899361216e-11
9	-1.1451827437368918e-11
10	-4.967401322009738e-12
11	-6.114756173989407e-11
12	-7.956324077959029e-11
13	-6.650412096694134e-11
14	-3.7565927974259795e-11
15	-1.5151029286544066e-11
16	-1.0059236408025047e-10
17	-1.292485938651939e-10
18	-1.0534641683648521e-10
19	-5.7850763885415756e-11
20	-2.3072395514476524e-11
21	-1.1146054812031632e-10
22	-1.427878228212141e-10
23	-1.1571374579073885e-10
24	-6.311296072833195e-11
25	-2.507696519989336e-11
26	9.775273710093305e-11
27	1.2307895633101035e-10
28	9.704808066369679e-11
29	5.5627520912953344e-11
30	2.538140129818183e-11
31	4.4730096549961855e-11
32	5.903760662965716e-11
33	5.4070658027294516e-11
34	3.919969310599724e-11
35	2.1475311252409673e-11
36	-5.308123218585433e-12
37	1.392800127573373e-12
38	1.9176909822899712e-11
39	2.930304451050743e-11
40	2.0829240721929355e-11
41	-2.1063506439407683e-11
42	-1.651973891594826e-11
43	8.526251640102488e-12
44	2.6479306969556767e-11
45	2.075768874345558e-11
46	1.3278491002853366e-10
47	1.661793401213654e-10
48	1.304151369591399e-10
49	7.467115619066532e-11
50	3.381212155710709e-11
51	1.4278460245380796e-10
52	1.8481282898735593e-10
53	1.5466345588226164e-10
54	9.476332738780589e-11
55	4.4652223720325285e-11
56	1.2206677489153155e-10
57	1.652412096058382e-10
58	1.4957054987960368e-10
59	9.898485248505967e-11
60	4.866844523521119e-11
61	3.165284986265365e-10
62	3.9001320604214556e-10
63	2.909185079627853e-10
64	1.507438694211615e-10
65	6.172011915741263e-11
66	3.248517370960384e-10
67	4.064003344946221e-10
68	3.1126201667812504e-10
69	1.6565897240941095e-10
70	6.832166744024906e-11
71	4.146524086680992e-10
72	5.076729429271592e-10
73	3.712584387264594e-10
74	1.8492416734521757e-10
75	7.20998021762239e-11
