#	x_axis	Th_all
1	1.6735077207757801e-10
2	1.9248084256241775e-10
3	1.4445744062189194e-10
4	9.996327358969108e-11
5	6.242415705547395e-11
6	2.4703909108547715e-10
7	2.836369879880095e-10
8	2.161334111486435e-10
9	1.503741765774187e-10
10	9.093932403458714e-11
11	3.066142857440271e-10
12	3.519663996247962e-10
13	2.701576902677141e-10
14	1.8700643700457965e-10
15	1.1013196487193293e-10
16	3.679726831916838e-10
17	4.2225139413123436e-10
18	3.252529879576605e-10
19	2.2343297932027957e-10
20	1.286858573453951e-10
21	3.9416367080533097e-10
22	4.5208163203794336e-10
23	3.481186502432471e-10
24	2.3781142353101245e-10
25	1.3565528511627798e-10
26	3.9865134357585266e-10
27	4.576656597031384e-10
28	3.5438817973375984e-10
29	2.45687472700938e-10
30	1.4191897974413253e-10
31	5.290524011905068e-10
32	6.077413276947789e-10
33	4.73614732986904e-10
34	3.2418556583245925e-10
35	1.8045409387864984e-10
36	6.667128445350719e-10
37	7.660506341637496e-10
38	5.984807760481303e-10
39	4.045021379407331e-10
40	2.1872591992882892e-10
41	7.250786528141938e-10
42	8.329746616294538e-10
43	6.505564812588225e-10
44	4.368676343329451e-10
45	2.335271573865693e-10
46	7.600084136140772e-10
47	8.733647283870763e-10
48	6.820968098467749e-10
49	4.547140156837717e-10
50	2.398694300884349e-10
51	1.0286170222943404e-09
52	1.1814170384218665e-09
53	9.201430914450795e-10
54	5.976320403883571e-10
55	3.0142670923472087e-10
56	1.1578536676028598e-09
57	1.32874482590571e-09
58	1.03115775593489e-09
59	6.604190142385991e-10
60	3.2643615646815677e-10
61	1.4930340098248141e-09
62	1.7113323472504347e-09
63	1.3199901394883035e-09
64	8.230691188772768e-10
65	3.902005490665265e-10
66	1.7506424638113845e-09
67	2.0021806815941664e-09
68	1.5307353099926567e-09
69	9.314826900894172e-10
70	4.278909457944632e-10
71	2.1234255454057233e-09
72	2.4188631137413615e-09
73	1.8223359048468731e-09
74	1.0709468971945162e-09
75	4.722077736195422e-10
