#	x_axis	Th_all
1	2.8602426580353486e-11
2	3.410108067695009e-11
3	2.7650549403765378e-11
4	1.924542396983338e-11
5	1.0927318961083724e-11
6	4.6393470581054457e-11
7	5.538024436564201e-11
8	4.516559116780171e-11
9	3.07472911031736e-11
10	1.6544992904428824e-11
11	5.2703638675644985e-11
12	6.275306226183751e-11
13	5.0921921116135816e-11
14	3.426109465274475e-11
15	1.8184617221080593e-11
16	5.939442288296713e-11
17	7.043072784150483e-11
18	5.6698691754479284e-11
19	3.7638283154613456e-11
20	1.972704216346564e-11
21	6.218499309894674e-11
22	7.348468480636035e-11
23	5.87855763378702e-11
24	3.8736913158270213e-11
25	2.02189861680086e-11
26	1.1354016868639774e-10
27	1.342649671758095e-10
28	1.0670639069440143e-10
29	6.644967276195647e-11
30	3.15998367450501e-11
31	1.4517511577137468e-10
32	1.7085523475716522e-10
33	1.340268727675844e-10
34	8.095198654231685e-11
35	3.71474945688214e-11
36	1.7320209661025433e-10
37	2.0346492005284504e-10
38	1.5870614062974029e-10
39	9.433003745577983e-11
40	4.236216039373405e-11
41	1.8282017561052691e-10
42	2.1458001967105693e-10
43	1.6702115354090705e-10
44	9.879183515380253e-11
45	4.4103371332732887e-11
46	2.258558218396162e-10
47	2.602753391119979e-10
48	1.9399574479772205e-10
49	1.0710456998977493e-10
50	4.5320162132122665e-11
51	3.0254412696048856e-10
52	3.447775225463524e-10
53	2.499210374256203e-10
54	1.3100095999928356e-10
55	5.264387119871199e-11
56	3.304437496032231e-10
57	3.753791754363291e-10
58	2.699262219150026e-10
59	1.3933512692072295e-10
60	5.5123085933095245e-11
61	4.551697586010055e-10
62	5.060754612499066e-10
63	3.459240910048731e-10
64	1.639189442628699e-10
65	6.003254301916266e-11
66	5.216653093341654e-10
67	5.74685203572967e-10
68	3.842146578811215e-10
69	1.7512031432904107e-10
70	6.18513710239088e-11
71	6.265376989017671e-10
72	6.779810399019398e-10
73	4.349678353158812e-10
74	1.8520697626368966e-10
75	6.201101252099152e-11
