#	x_axis	Th_all
1	7.497417564986527e-13
2	1.2577976786711696e-12
3	1.284772882108419e-12
4	9.397571281499486e-13
5	5.385957289677369e-13
6	1.411436543144685e-12
7	2.3237060089708102e-12
8	2.3088631734661936e-12
9	1.6336641692359637e-12
10	9.051162761192564e-13
11	1.7848739345303623e-12
12	2.8937881892975056e-12
13	2.81693518422668e-12
14	1.949122646373472e-12
15	1.0591506742907053e-12
16	2.181207794117412e-12
17	3.4859731990665466e-12
18	3.3294380607772915e-12
19	2.2569772730583454e-12
20	1.2054148900114516e-12
21	2.3589828811623685e-12
22	3.738347957948623e-12
23	3.5326140286560237e-12
24	2.3693024983640446e-12
25	1.2557381016768641e-12
26	3.4929846143872434e-12
27	5.588152502715958e-12
28	5.3223766741718455e-12
29	3.574503005652399e-12
30	1.876420687276051e-12
31	4.8555961600344624e-12
32	7.644530048808642e-12
33	7.11573375160484e-12
34	4.649217292851875e-12
35	2.3765840224853983e-12
36	6.133485423377408e-12
37	9.566258702873064e-12
38	8.7841791913032e-12
39	5.644583531852636e-12
40	2.838511638056426e-12
41	6.615813553519145e-12
42	1.0278828451236093e-11
43	9.388241310358746e-12
44	5.9956332462683805e-12
45	2.9984134804255325e-12
46	8.170347613070116e-12
47	1.2449747401309879e-11
48	1.105495319134159e-11
49	6.822387421189872e-12
50	3.3055974741565724e-12
51	1.1639865001886226e-11
52	1.7405368064565892e-11
53	1.502700566118693e-11
54	8.948466075190358e-12
55	4.18612230071794e-12
56	1.3070886198774858e-11
57	1.9412966962178282e-11
58	1.659204279479669e-11
59	9.754864899218866e-12
60	4.507501916822154e-12
61	1.8661185685385082e-11
62	2.7066025055466088e-11
63	2.230882162678569e-11
64	1.24995069864486e-11
65	5.495690181114055e-12
66	2.2160292748156283e-11
67	3.172777552728654e-11
68	2.5634477824272203e-11
69	1.398186463436419e-11
70	5.980320640616273e-12
71	2.7769645840451314e-11
72	3.892556621283751e-11
73	3.043784254239516e-11
74	1.5886192034103912e-11
75	6.511283467725175e-12
