#	x_axis	Th_all
1	2.1165010430765858e-10
2	2.302680092285903e-10
3	1.6716561028689898e-10
4	1.0974221622562477e-10
5	6.028142606190549e-11
6	2.892736952743538e-10
7	3.124830107505785e-10
8	2.2632088714026424e-10
9	1.4591948067211786e-10
10	7.698501117686486e-11
11	3.530485385116639e-10
12	3.7932870731022e-10
13	2.7371674128109366e-10
14	1.7357894729125676e-10
15	8.87209235938601e-11
16	4.1855133788337917e-10
17	4.474423720778604e-10
18	3.2114883184782526e-10
19	2.0031982832150054e-10
20	9.968936074026147e-11
21	4.462006845721604e-10
22	4.757241252116671e-10
23	3.401511330848359e-10
24	2.1040858721944866e-10
25	1.0361524240627756e-10
26	4.275749402680199e-10
27	4.5735481558909686e-10
28	3.285267442341605e-10
29	2.0460529097403062e-10
30	1.0150386549034933e-10
31	5.501124170051758e-10
32	5.841541017760727e-10
33	4.159647680425592e-10
34	2.518142405759429e-10
35	1.1928100000009666e-10
36	6.835146658864473e-10
37	7.210587789209438e-10
38	5.084889437366782e-10
39	2.995417124928226e-10
40	1.3621811882295088e-10
41	7.417707748760849e-10
42	7.800913651487535e-10
43	5.472043800223664e-10
44	3.1832123588464936e-10
45	1.4237736209653634e-10
46	7.487436435541965e-10
47	7.86164778892296e-10
48	5.496320401777228e-10
49	3.1775689059750114e-10
50	1.4123548366678931e-10
51	9.80515847490725e-10
52	1.0189317286917983e-09
53	6.987681928707658e-10
54	3.861460048183883e-10
55	1.617532794271199e-10
56	1.0948670517594618e-09
57	1.1313761347853993e-09
58	7.669405242268005e-10
59	4.137457944340617e-10
60	1.6855740745640201e-10
61	1.3541901428966199e-09
62	1.3868261729355922e-09
63	9.22598376992612e-10
64	4.773710123201629e-10
65	1.8448512974442928e-10
66	1.5600589357487525e-09
67	1.5837502709995954e-09
68	1.0331437135094695e-09
69	5.141954182591017e-10
70	1.9055099750764e-10
71	1.841921051481094e-09
72	1.847520086226029e-09
73	1.1721230995195802e-09
74	5.531808739082435e-10
75	1.944974513392835e-10
