#	x_axis	Th_all
1	3.387606629678663e-11
2	4.2448567442648624e-11
3	3.443876751652645e-11
4	2.3389974966003137e-11
5	1.398032747226469e-11
6	1.2481914757492295e-11
7	1.393281170672645e-11
8	7.869065016546116e-12
9	5.433206047643811e-12
10	6.021116337162418e-12
11	-9.39453906563503e-12
12	-1.4523578016513237e-11
13	-1.7392762402076426e-11
14	-1.103062814060266e-11
15	-1.6450725583280924e-12
16	-2.6567322234967704e-11
17	-3.686753836800731e-11
18	-3.72536414538479e-11
19	-2.3977162843344217e-11
20	-7.651265644691133e-12
21	-3.1209872280520435e-11
22	-4.298947155221605e-11
23	-4.2883369228751956e-11
24	-2.7788754141823098e-11
25	-9.452977015431397e-12
26	1.4132807603640566e-10
27	1.773474774131684e-10
28	1.5106349945206933e-10
29	1.091081063196153e-10
30	6.41710342848317e-11
31	1.5135458516074813e-10
32	1.8975600222954606e-10
33	1.6387752703974053e-10
34	1.2205514076655572e-10
35	7.322068217574507e-11
36	1.5216021580470621e-10
37	1.907154356446661e-10
38	1.682713769497738e-10
39	1.3108966515569006e-10
40	8.120114813397673e-11
41	1.5017899161098218e-10
42	1.8816191826964403e-10
43	1.673610287413727e-10
44	1.3268026662557285e-10
45	8.325463470959825e-11
46	3.04178009773572e-10
47	3.8673079291263805e-10
48	3.322876006569544e-10
49	2.2967225380478185e-10
50	1.2443174749771802e-10
51	4.114655610984421e-10
52	5.260338058328718e-10
53	4.549321969794324e-10
54	3.121856132026865e-10
55	1.6597084832047096e-10
56	4.3356712388708e-10
57	5.55865226869925e-10
58	4.842476273257678e-10
59	3.3481098784345357e-10
60	1.786454406195391e-10
61	7.302150858833723e-10
62	9.328460586627219e-10
63	7.866761510559211e-10
64	5.050958107777029e-10
65	2.4766478306998504e-10
66	8.365617602903111e-10
67	1.0694477434005975e-09
68	8.993124375907012e-10
69	5.709245788468786e-10
70	2.750196201799256e-10
71	1.0619001942961447e-09
72	1.3503420090345884e-09
73	1.1111607707876162e-09
74	6.773731376808091e-10
75	3.1233349910706357e-10
