#	x_axis	Th_all
1	2.5566332255344713e-10
2	3.32766220457234e-10
3	2.9378112100793174e-10
4	2.031976740470341e-10
5	1.0756420664950245e-10
6	2.349392969489489e-10
7	3.0513423586816447e-10
8	2.653378872525481e-10
9	1.7838794257665744e-10
10	9.229913488233878e-11
11	2.6752619663995134e-10
12	3.4733258350821463e-10
13	3.0187959162197946e-10
14	2.0265310557473217e-10
15	1.044835448672319e-10
16	3.1187572495972147e-10
17	4.048453550148047e-10
18	3.5082229823715724e-10
19	2.3363045258792925e-10
20	1.1931291573335412e-10
21	3.364801559921059e-10
22	4.365891697750084e-10
23	3.7730138987085004e-10
24	2.4977589640149134e-10
25	1.26737036810232e-10
26	2.9999788770696007e-10
27	3.8803233135914557e-10
28	3.2664658963577373e-10
29	2.0476311111087507e-10
30	9.88583648165808e-11
31	3.312589089577529e-10
32	4.27497302326337e-10
33	3.584153518298062e-10
34	2.2376748342419956e-10
35	1.0752834799242851e-10
36	4.0155311452533594e-10
37	5.180523272998438e-10
38	4.325329201978165e-10
39	2.6700204748286674e-10
40	1.2650714254789515e-10
41	4.496436365019075e-10
42	5.795102747331112e-10
43	4.814420929245211e-10
44	2.9401529162562863e-10
45	1.3756492877528502e-10
46	4.172366232901499e-10
47	5.332710749496188e-10
48	4.3554332566406355e-10
49	2.6130662330254076e-10
50	1.2058869798970375e-10
51	5.12833075947397e-10
52	6.537910528340165e-10
53	5.292009305959429e-10
54	3.1205680084769983e-10
55	1.4141250737995343e-10
56	5.836472735721505e-10
57	7.426869599142219e-10
58	5.966855625283611e-10
59	3.464834451614577e-10
60	1.5411342353175543e-10
61	6.855583377987374e-10
62	8.648563427334336e-10
63	6.805597302888899e-10
64	3.8413622331292147e-10
65	1.677973159624366e-10
66	7.853895706276299e-10
67	9.881389699555753e-10
68	7.708421216664819e-10
69	4.2805687121115975e-10
70	1.8370992203955818e-10
71	9.313484817343932e-10
72	1.1639750703674292e-09
73	8.924202163961509e-10
74	4.822951198080102e-10
75	2.0228399639967406e-10
