#	x_axis	Th_all
1	3.017504958795958e-11
2	3.6272315681839544e-11
3	2.7928359659249016e-11
4	1.8600251225232142e-11
5	1.1378273375146333e-11
6	8.17114979726626e-12
7	9.0328555829578e-12
8	2.0538921339835804e-12
9	-2.024853979312959e-12
10	8.230975435407733e-14
11	-1.1940649162557212e-11
12	-1.5873947183543103e-11
13	-2.0726126738139927e-11
14	-1.9074960763081908e-11
15	-9.197430051254512e-12
16	-2.75030221713467e-11
17	-3.5126165591200914e-11
18	-3.839784268748706e-11
19	-3.2411926037554576e-11
20	-1.651349133643539e-11
21	-3.128989256864589e-11
22	-3.981490004537692e-11
23	-4.2914724828375595e-11
24	-3.6084903095094105e-11
25	-1.8626678229656166e-11
26	1.2172817416157215e-10
27	1.427517697897634e-10
28	1.129654989438071e-10
29	8.326662456197775e-11
30	5.390387964336354e-11
31	1.2985112136859563e-10
32	1.5023506290419107e-10
33	1.1793152756859605e-10
34	8.941937023717686e-11
35	5.973851052547694e-11
36	1.2965320676004383e-10
37	1.4713917197845537e-10
38	1.1413627992989111e-10
39	9.049177780594746e-11
40	6.365341469061642e-11
41	1.2768859025633443e-10
42	1.4373249551975558e-10
43	1.1077074418357729e-10
44	8.937019468216483e-11
45	6.421998854664841e-11
46	2.702891995725658e-10
47	3.250988840790945e-10
48	2.7230547464609586e-10
49	2.0049689657345841e-10
50	1.1970786394816517e-10
51	3.7201314314901163e-10
52	4.5129183402413125e-10
53	3.851392748162126e-10
54	2.8501208048017125e-10
55	1.679000967182494e-10
56	3.9438356540068566e-10
57	4.789970886965913e-10
58	4.1160179057426437e-10
59	3.0754421668805184e-10
60	1.8247239588660037e-10
61	6.819668480534322e-10
62	8.424966946520183e-10
63	7.247404549536047e-10
64	5.116550002270699e-10
65	2.7800935599030717e-10
66	7.934164249843757e-10
67	9.83749852670398e-10
68	8.478445296513783e-10
69	5.931386565665889e-10
70	3.162504130711878e-10
71	1.0330787562043783e-09
72	1.2858468645285048e-09
73	1.0965507350541377e-09
74	7.390278546513396e-10
75	3.749404384602374e-10
