#	x_axis	Th_all
1	1.7240833314601465e-09
2	1.7820997206424272e-09
3	1.2485353297611716e-09
4	9.36488261035896e-10
5	6.182668482773197e-10
6	-8.835207149384294e-11
7	-5.8012648661735836e-11
8	1.0278256685431445e-11
9	-1.5378095032156787e-11
10	-6.512142485745353e-11
11	-9.545822450597187e-10
12	-9.50561930031886e-10
13	-6.612716578658323e-10
14	-5.250258702127339e-10
15	-3.706872133073684e-10
16	-1.6247940416891253e-09
17	-1.6409673332604621e-09
18	-1.1741296187975026e-09
19	-9.065979219771516e-10
20	-5.987583540283044e-10
21	-1.7957385836837367e-09
22	-1.8171474061664876e-09
23	-1.3047208273259588e-09
24	-1.0014265911881226e-09
25	-6.538606228144124e-10
26	1.5638339027092719e-09
27	1.6706895315747917e-09
28	1.225497475328509e-09
29	8.368156548019147e-10
30	4.6146873846169163e-10
31	5.101970688029229e-10
32	5.517966132852156e-10
33	3.2507154992665986e-10
34	1.7354373027893574e-10
35	1.2955752439599135e-10
36	-4.104727210227427e-10
37	-4.30537221005225e-10
38	-4.655126156045554e-10
39	-3.621548115109297e-10
40	-1.0049949150148432e-10
41	-6.699585862200165e-10
42	-7.064706068766137e-10
43	-6.863019701951292e-10
44	-5.070795939160773e-10
45	-1.6021761314482883e-10
46	1.624431061423646e-09
47	1.727402532945498e-09
48	1.2014166738927445e-09
49	7.570896399360105e-10
50	4.1435106921817813e-10
51	1.4395019976855425e-09
52	1.5109483372195936e-09
53	1.0188380150068715e-09
54	7.07965417796031e-10
55	4.759224572216557e-10
56	9.935161966039516e-10
57	1.0290252935534147e-09
58	6.625489262008669e-10
59	5.385114673437572e-10
60	4.5232805724258223e-10
61	3.6565616029137194e-09
62	3.862045550760335e-09
63	2.7791338189886945e-09
64	1.8421977276802956e-09
65	9.993434366373845e-10
66	3.4771085371600022e-09
67	3.665995949647524e-09
68	2.6639262931512564e-09
69	1.8614105330900374e-09
70	1.0660237787435864e-09
71	4.509784207806764e-09
72	4.765209728290528e-09
73	3.4750817622704755e-09
74	2.340830386518374e-09
75	1.2556069210529564e-09
