#	x_axis	Th_all
1	1.0650408969017468e-09
2	1.1205815859627526e-09
3	8.154853459391333e-10
4	6.273383750207055e-10
5	4.2343282566195886e-10
6	7.442666168007543e-10
7	7.968127802296595e-10
8	6.00880337258213e-10
9	4.5420506407503724e-10
10	2.880138633230753e-10
11	7.685539913619231e-10
12	8.20206941200765e-10
13	6.120555178776588e-10
14	4.614393226376868e-10
15	2.9583288668655513e-10
16	8.49684062308774e-10
17	9.071020335608648e-10
18	6.785945974193072e-10
19	5.115045388925181e-10
20	3.263877585576353e-10
21	9.15051182433252e-10
22	9.781042161907007e-10
23	7.348897496597181e-10
24	5.53827265158958e-10
25	3.5119852777326097e-10
26	9.209434433357425e-10
27	1.016500213220808e-09
28	8.187857516117728e-10
29	6.038032450127459e-10
30	3.4049113704944034e-10
31	8.595657710480623e-10
32	9.476764259734171e-10
33	7.539621147733159e-10
34	5.488318331847616e-10
35	3.100561185791734e-10
36	9.587330619909934e-10
37	1.0569888715157944e-09
38	8.426255156377605e-10
39	6.141597672983173e-10
40	3.462184566224089e-10
41	1.0814447465179224e-09
42	1.1949296746348939e-09
43	9.574767241320895e-10
44	6.966375595829833e-10
45	3.8905004696229747e-10
46	1.0373667945226612e-09
47	1.1538596776416105e-09
48	9.126216490531949e-10
49	6.310515543478737e-10
50	3.327969276488899e-10
51	1.1614857718530358e-09
52	1.2913811466524603e-09
53	1.0183720214991048e-09
54	6.981982628900132e-10
55	3.637866455099595e-10
56	1.3087187255552876e-09
57	1.4583672220551472e-09
58	1.1567227585474185e-09
59	7.939410605495858e-10
60	4.1149358242590636e-10
61	1.528397007106135e-09
62	1.7062517374102376e-09
63	1.3302650759311652e-09
64	8.654662250853967e-10
65	4.1966704691349176e-10
66	1.7009045341597665e-09
67	1.9011884887539192e-09
68	1.487478885262717e-09
69	9.70797368667982e-10
70	4.734424789311657e-10
71	2.0140481708217096e-09
72	2.256075451648152e-09
73	1.7612481312323838e-09
74	1.1350881246860989e-09
75	5.507141298687014e-10
