# x_axis	Th_all
1	5.290465766466976e-10
2	5.483761747912352e-10
3	3.4341744196923146e-10
4	2.328387648500224e-10
5	1.76711001452076e-10
6	5.416180529843578e-10
7	5.646018949699399e-10
8	3.6676454879022895e-10
9	2.5484846710209345e-10
10	1.855761115871892e-10
11	6.442027713563391e-10
12	6.697697862600107e-10
13	4.382784296567798e-10
14	3.085176053480076e-10
15	2.2353718891999906e-10
16	7.645026607505399e-10
17	7.94296750576875e-10
18	5.270468739115131e-10
19	3.764930122328124e-10
20	2.6955373263620516e-10
21	8.248450032010961e-10
22	8.57548712476313e-10
23	5.736250667013948e-10
24	4.1190341784587623e-10
25	2.924366185854221e-10
26	6.838288274431148e-10
27	7.193347508528143e-10
28	5.018097870176318e-10
29	3.661565150531676e-10
30	2.484949691335553e-10
31	8.284854287145789e-10
32	8.713791917972642e-10
33	6.140612384009217e-10
34	4.509674693472218e-10
35	3.022559159246067e-10
36	1.0411143341561797e-09
37	1.0963872715534882e-09
38	7.87699927764665e-10
39	5.864197952495048e-10
40	3.863587854178801e-10
41	1.1596687125374212e-09
42	1.2232781232533403e-09
43	8.879895130015401e-10
44	6.638308381655845e-10
45	4.3233947437822815e-10
46	1.0880335876389723e-09
47	1.1508890759599872e-09
48	8.301793706595587e-10
49	6.076881115073176e-10
50	3.8907864701051953e-10
51	1.4246213073872998e-09
52	1.5134497409503104e-09
53	1.1158474370404464e-09
54	8.209099732196392e-10
55	5.098924918504027e-10
56	1.6407544912890225e-09
57	1.7497361418986026e-09
58	1.3065632156124053e-09
59	9.603948174676041e-10
60	5.837542678973748e-10
61	1.9897240573497976e-09
62	2.1319524838011358e-09
63	1.610484762073253e-09
64	1.1763754246029426e-09
65	6.984364863121478e-10
66	2.363879765110942e-09
67	2.5469508455681967e-09
68	1.9482529747506467e-09
69	1.4150960541076765e-09
70	8.195111673002e-10
71	2.9050962913623984e-09
72	3.154996101182419e-09
73	2.445576010351489e-09
74	1.758655305731949e-09
75	9.924318586840612e-10
