#	x_axis	Th_all
1	9.47244971326855e-10
2	1.0356830828086853e-09
3	8.049829170101346e-10
4	5.744254252731784e-10
5	3.1952702173295765e-10
6	6.974661134928404e-10
7	7.655312705285687e-10
8	5.923556895681474e-10
9	4.057810270835991e-10
10	2.1486702977214217e-10
11	7.316025879990093e-10
12	8.013816434560248e-10
13	6.183293814386411e-10
14	4.25830267748962e-10
15	2.2793898130777554e-10
16	8.142622672020919e-10
17	8.917090609615012e-10
18	6.883088280273127e-10
19	4.729515236665634e-10
20	2.5184684460802896e-10
21	8.748365411734516e-10
22	9.580920794235876e-10
23	7.397350760896895e-10
24	5.063131560084235e-10
25	2.6766829140412017e-10
26	8.56639264590193e-10
27	9.449663912478385e-10
28	7.262042277840161e-10
29	4.557770354037395e-10
30	2.1116056095133185e-10
31	8.163973906188704e-10
32	8.973251213485576e-10
33	6.828235111498828e-10
34	4.271557603719142e-10
35	2.0000045117161257e-10
36	9.156378138038394e-10
37	1.0065637828157166e-09
38	7.672131926063148e-10
39	4.800627477793572e-10
40	2.2412869791195946e-10
41	1.0268231660778512e-09
42	1.1286949548514396e-09
43	8.595147298791296e-10
44	5.33261998390439e-10
45	2.4519547700981143e-10
46	9.773314068697875e-10
47	1.063837574857755e-09
48	7.822178855426896e-10
49	4.5803498511623707e-10
50	1.998504354586703e-10
51	1.092770031760903e-09
52	1.1873277716939913e-09
53	8.69776205335717e-10
54	5.067121350632704e-10
55	2.2078765244116852e-10
56	1.2196088420894521e-09
57	1.3257248538155858e-09
58	9.717200339391732e-10
59	5.624442313578242e-10
60	2.4120375485284083e-10
61	1.4130574342311054e-09
62	1.5185964712031558e-09
63	1.074900562275062e-09
64	5.875414230309321e-10
65	2.432567499682205e-10
66	1.5521889148219113e-09
67	1.6685406853974538e-09
68	1.1826764870373742e-09
69	6.464144541394455e-10
70	2.669983198479991e-10
71	1.8044283968003006e-09
72	1.930674305823926e-09
73	1.3506332028741361e-09
74	7.217295819790929e-10
75	2.9435888318108743e-10
