#	x_axis	Th_all
1	1.5215961880469976e-09
2	1.4544109627705977e-09
3	7.671942642178089e-10
4	4.678539688935453e-10
5	3.9275415766214506e-10
6	1.3133634794581453e-09
7	1.2577718852725398e-09
8	6.973861661514021e-10
9	4.4928433154670887e-10
10	3.543095123163465e-10
11	1.4931174014318855e-09
12	1.4255725992204525e-09
13	7.883792914855971e-10
14	5.098121779985602e-10
15	4.035608437799725e-10
16	1.729215930349678e-09
17	1.6440315216348841e-09
18	9.164763654760795e-10
19	6.044239900838509e-10
20	4.751409933522408e-10
21	1.8599857553048005e-09
22	1.765200288767351e-09
23	9.907549542897833e-10
24	6.606195026854591e-10
25	5.156658844177707e-10
26	1.5506223852265045e-09
27	1.4750596087811905e-09
28	8.984447910275932e-10
29	6.466711775031616e-10
30	4.634422873574166e-10
31	1.72381129678348e-09
32	1.640725765550348e-09
33	1.0009676877525252e-09
34	7.167986907367227e-10
35	5.10198875080784e-10
36	2.0920554469398165e-09
37	1.9830214259498896e-09
38	1.2258571277179536e-09
39	8.954427809877639e-10
40	6.310463533114244e-10
41	2.3352137662591426e-09
42	2.2102650300493844e-09
43	1.3816187672515904e-09
44	1.0203234750514402e-09
45	7.115447376978587e-10
46	2.150404425685437e-09
47	2.0547436407108327e-09
48	1.2931863106311856e-09
49	9.264513886257256e-10
50	6.249348551713473e-10
51	2.674429274468626e-09
52	2.5511073964281124e-09
53	1.6345982009906416e-09
54	1.1859078827384893e-09
55	7.819448156052817e-10
56	3.0597639679056613e-09
57	2.9186808352674227e-09
58	1.8990611661504333e-09
59	1.39023736176419e-09
60	9.004648363925356e-10
61	3.5870720079828586e-09
62	3.432371276618276e-09
63	2.2665203003160316e-09
64	1.6422336968839697e-09
65	1.0246038195211402e-09
66	4.180404185698311e-09
67	4.005798331540369e-09
68	2.6860224245468938e-09
69	1.9534334477478476e-09
70	1.1935160637844372e-09
71	5.042432203353829e-09
72	4.8508820995377164e-09
73	3.3127253118467233e-09
74	2.4004814392606484e-09
75	1.4242928532310011e-09
