#	x_axis	Th_all
1	1.9178743047049962e-11
2	2.4783254553981185e-11
3	2.1863688062784222e-11
4	1.60217045559455e-11
5	9.520253768308959e-12
6	3.302952312284844e-11
7	4.312732198741471e-11
8	3.840378593975551e-11
9	2.7645024318434046e-11
10	1.5811462087352928e-11
11	4.154186414998551e-11
12	5.437341013144238e-11
13	4.8187687806530145e-11
14	3.402448894039513e-11
15	1.9022663563448752e-11
16	5.043754139895092e-11
17	6.603541030881082e-11
18	5.8120429887670726e-11
19	4.0310550580708205e-11
20	2.2103284528022562e-11
21	5.435678617315073e-11
22	7.106633377393733e-11
23	6.218779147250604e-11
24	4.270715430882528e-11
25	2.3212852379549105e-11
26	6.819690342035972e-11
27	8.997663989665821e-11
28	8.036157208961221e-11
29	5.616951631840445e-11
30	3.0615435819788333e-11
31	9.36309448103444e-11
32	1.2375616999923865e-10
33	1.0964869416831792e-10
34	7.479240486876077e-11
35	3.966195774397876e-11
36	1.1846307347288308e-10
37	1.5661731793766027e-10
38	1.3787900563813273e-10
39	9.252390073502334e-11
40	4.818316409120036e-11
41	1.2822582388599474e-10
42	1.6941928098268798e-10
43	1.486333154477814e-10
44	9.907711650880359e-11
45	5.125563525634502e-11
46	1.4925743355111508e-10
47	1.9704066021225702e-10
48	1.710605785724681e-10
49	1.1154514720909681e-10
50	5.648518390497479e-11
51	2.1010454698256577e-10
52	2.7653613088785254e-10
53	2.362162614818893e-10
54	1.4924816025104696e-10
55	7.313510873853842e-11
56	2.3669423868318963e-10
57	3.1088331557352056e-10
58	2.635744868527186e-10
59	1.6440139800355756e-10
60	7.952746546480571e-11
61	3.284878309116131e-10
62	4.288457119666093e-10
63	3.5579056252052513e-10
64	2.135637487020438e-10
65	9.908097187229374e-11
66	3.904806284017781e-10
67	5.070288648814602e-10
68	4.1419161682607973e-10
69	2.4244562400927666e-10
70	1.0950672537528993e-10
71	4.879156142761504e-10
72	6.272845930586455e-10
73	4.994811722719843e-10
74	2.810072033707447e-10
75	1.218748326301383e-10
