#	x_axis	Th_all
1	2.307108122606481e-09
2	2.7353709443303624e-09
3	2.26253113340498e-09
4	1.6490634256658737e-09
5	9.458053166232716e-10
6	1.470496563719326e-09
7	1.757761527483492e-09
8	1.4527692892782443e-09
9	1.0148033806847916e-09
10	5.488586772982527e-10
11	1.3984754656742429e-09
12	1.664842875208464e-09
13	1.3673754742745162e-09
14	9.613845685554804e-10
15	5.29543458552647e-10
16	1.4693330696303952e-09
17	1.7482831884400201e-09
18	1.4358167613778616e-09
19	1.0117529792203117e-09
20	5.594739724389884e-10
21	1.575183994617856e-09
22	1.875322096398479e-09
23	1.5416828637842772e-09
24	1.0841993753151614e-09
25	5.964698657173919e-10
26	1.935919884672519e-09
27	2.3424512664934155e-09
28	1.929804258711796e-09
29	1.2424107038160655e-09
30	5.882464309007068e-10
31	1.5741338927733401e-09
32	1.8943974395353302e-09
33	1.5378735907587594e-09
34	9.787108854648922e-10
35	4.6370600028648874e-10
36	1.5695210907364656e-09
37	1.888704413178856e-09
38	1.5379438610447134e-09
39	9.895620329754687e-10
40	4.773925533172237e-10
41	1.7624302615854645e-09
42	2.122251985652889e-09
43	1.7285293557760215e-09
44	1.1066560066546463e-09
45	5.281090060171611e-10
46	1.8855292900690333e-09
47	2.2475661468412784e-09
48	1.7479956712994421e-09
49	1.0208704072074854e-09
50	4.382300636117101e-10
51	1.8539321718985732e-09
52	2.204944499627687e-09
53	1.7098571776396676e-09
54	1.0061570808234889e-09
55	4.462801076955823e-10
56	1.9765847351402885e-09
57	2.355290975699526e-09
58	1.8385982156956896e-09
59	1.091372354380848e-09
60	4.84403752535553e-10
61	2.4442296388543656e-09
62	2.876694205463284e-09
63	2.1420004554284683e-09
64	1.1738235591490075e-09
65	5.02691017608099e-10
66	2.4669209140172764e-09
67	2.907637105512444e-09
68	2.1836915646285808e-09
69	1.2220088097659733e-09
70	5.35165541284741e-10
71	2.8081843700041995e-09
72	3.296872546966698e-09
73	2.448582659759955e-09
74	1.3522238870943946e-09
75	5.936273437647208e-10
