#	x_axis	Th_all
1	1.8350841333121493e-09
2	1.775994070290775e-09
3	1.1281057182098121e-09
4	8.351966186112779e-10
5	5.773225034908287e-10
6	-1.4725889353591638e-10
7	-1.0619165968056181e-10
8	-6.549949535440699e-12
9	-2.4073009908812165e-11
10	-7.808199812928858e-11
11	-1.0888001265709043e-09
12	-9.992255987135814e-10
13	-6.201739403249805e-10
14	-4.949850340327376e-10
15	-3.7322193102444333e-10
16	-1.821675528238467e-09
17	-1.6951791037657003e-09
18	-1.0928901894054844e-09
19	-8.500397830248978e-10
20	-5.954892660352882e-10
21	-2.0105560645543327e-09
22	-1.8743228549319774e-09
23	-1.2146956487477764e-09
24	-9.396120565023076e-10
25	-6.499715438680665e-10
26	1.72017353536554e-09
27	1.718203218041725e-09
28	1.1570583436857834e-09
29	7.803769918900657e-10
30	4.464080482803022e-10
31	6.377141065602468e-10
32	6.694982723198845e-10
33	3.664308260432835e-10
34	1.7979732284601899e-10
35	1.428342296086124e-10
36	-3.122312348255718e-10
37	-2.541002935357623e-10
38	-3.405300937854071e-10
39	-3.157738500480033e-10
40	-7.048820547566512e-11
41	-5.87108080563267e-10
42	-5.201075985027441e-10
43	-5.43528901416735e-10
44	-4.534311330743616e-10
45	-1.2721934114827365e-10
46	1.9009320058044606e-09
47	1.8959178264100157e-09
48	1.2171532380802743e-09
49	7.616927720371458e-10
50	4.3921834135526244e-10
51	1.8092442218318523e-09
52	1.7917688987400476e-09
53	1.1050253013596395e-09
54	7.481786054558502e-10
55	5.216398804309247e-10
56	1.372597495365716e-09
57	1.3599374215965802e-09
58	7.94905456651216e-10
59	6.003637023869099e-10
60	5.11671967870724e-10
61	4.318241016944935e-09
62	4.236335728155173e-09
63	2.8216609409168946e-09
64	1.881752030804962e-09
65	1.055296284553236e-09
66	4.228027718637886e-09
67	4.14568360262362e-09
68	2.777823134376942e-09
69	1.945323425123839e-09
70	1.1516902417014963e-09
71	5.4418241655359675e-09
72	5.332101055487249e-09
73	3.606735787692834e-09
74	2.444798609924929e-09
75	1.346346511772239e-09
