#	x_axis	Th_all
1	4.688192416076394e-10
2	5.152465857405039e-10
3	3.902328897920239e-10
4	2.4722605992864234e-10
5	1.1358852385602639e-10
6	-4.472618092929926e-11
7	-4.9101890642935136e-11
8	-5.0383801159920923e-11
9	-5.027863307460695e-11
10	-2.84250703527811e-11
11	-3.169588615766442e-10
12	-3.423931589754519e-10
13	-2.709238042825629e-10
14	-1.7746399639237274e-10
15	-7.695387635163726e-11
16	-5.301790418284759e-10
17	-5.709665516427105e-10
18	-4.4097890445402987e-10
19	-2.7497640466220196e-10
20	-1.1465416684922085e-10
21	-5.874593903505408e-10
22	-6.317653653425897e-10
23	-4.853098260509764e-10
24	-2.9961055024106316e-10
25	-1.2392769514765435e-10
26	5.435818468553768e-10
27	5.875359170658362e-10
28	4.1675369920855423e-10
29	2.396680706102018e-10
30	1.099967765216541e-10
31	2.486205797735918e-10
32	2.7502548721423354e-10
33	2.0172508421781417e-10
34	1.4456594643794695e-10
35	9.131894279557107e-11
36	-1.714862054072859e-11
37	3.481992910344015e-12
38	2.961266476600531e-11
39	8.662009147773778e-11
40	9.025476331689742e-11
41	-9.658727842954059e-11
42	-7.65282828199713e-11
43	-2.0040105325487805e-11
44	7.121003392472871e-11
45	9.067627714691247e-11
46	6.703122327100786e-10
47	7.170701585339363e-10
48	5.000920689004378e-10
49	2.905872986927728e-10
50	1.3890717836551907e-10
51	6.863260427861175e-10
52	7.52357258311183e-10
53	5.613372923989833e-10
54	3.641110823583995e-10
55	1.8491710112583063e-10
56	5.713305127808712e-10
57	6.486424549927651e-10
58	5.23253871235405e-10
59	3.7733850458744695e-10
60	2.0243614980651353e-10
61	1.495073378859133e-09
62	1.5844352008780771e-09
63	1.0936604142462927e-09
64	5.951577650330959e-10
65	2.488692918443365e-10
66	1.4950365050209782e-09
67	1.6064688156323692e-09
68	1.1474456954642534e-09
69	6.525615065917088e-10
70	2.7545770004985525e-10
71	1.8761113679731686e-09
72	1.986639461439507e-09
73	1.3689194883121054e-09
74	7.286728708357424e-10
75	2.886302806377697e-10
