#	x_axis	Th_all
1	1.2150060428204008e-09
2	1.2313893676673353e-09
3	8.356783429910631e-10
4	6.147990562670233e-10
5	4.128071065775008e-10
6	9.889277516227111e-10
7	1.010759737767743e-09
8	7.027272317127657e-10
9	5.081225453675577e-10
10	3.222272768244045e-10
11	1.0907450734916918e-09
12	1.1126890538428118e-09
13	7.706315435412808e-10
14	5.574521490186436e-10
15	3.552941780106404e-10
16	1.2456432968062528e-09
17	1.2699215360689552e-09
18	8.838013227388819e-10
19	6.401541591806973e-10
20	4.0425605046453573e-10
21	1.3392939691370884e-09
22	1.3653668263764623e-09
23	9.537372029718616e-10
24	6.90566924876719e-10
25	4.326532525338012e-10
26	1.1904392144628953e-09
27	1.2310165004054133e-09
28	9.013223610051144e-10
29	6.368906467262022e-10
30	3.5695281789077065e-10
31	1.245762117221655e-09
32	1.2868364834499115e-09
33	9.347240017755462e-10
34	6.546616321586854e-10
35	3.675770958477812e-10
36	1.4699680255129556e-09
37	1.5180924098997915e-09
38	1.1091289035641649e-09
39	7.776198918759213e-10
40	4.3160190800975083e-10
41	1.6445868674054745e-09
42	1.6992418945487578e-09
43	1.247440252463175e-09
44	8.723330740889712e-10
45	4.774631743466465e-10
46	1.5250632219233541e-09
47	1.5768254476358163e-09
48	1.1399124882282188e-09
49	7.668140731608062e-10
50	4.069447508189151e-10
51	1.819339452785521e-09
52	1.880247876708163e-09
53	1.362304151018755e-09
54	9.098667185325475e-10
55	4.738432950276208e-10
56	2.0627511991936913e-09
57	2.1335245782147168e-09
58	1.5530725442847239e-09
59	1.032201781572608e-09
60	5.2750012602984e-10
61	2.3916774320396505e-09
62	2.470259953956672e-09
63	1.7798563674734224e-09
64	1.1429349474059062e-09
65	5.623214207364286e-10
66	2.7215503447901337e-09
67	2.812184114972848e-09
68	2.031230833116014e-09
69	1.2964721988913071e-09
70	6.279842931227397e-10
71	3.2208927332690517e-09
72	3.327296698194804e-09
73	2.3963963554309414e-09
74	1.5010545119665306e-09
75	7.096513686003976e-10
