#	x_axis	Th_all
1	1.591702750311976e-11
2	2.383590824365608e-11
3	2.1110841178625488e-11
4	1.3009675369190079e-11
5	6.248159262355413e-12
6	1.9289317349426444e-11
7	2.8477648376757625e-11
8	2.4671212214428113e-11
9	1.480321545334755e-11
10	6.948460108043974e-12
11	2.3594062087562288e-11
12	3.454634773008276e-11
13	2.952075348319469e-11
14	1.7393741332534993e-11
15	8.01693116727378e-12
16	2.8323025886228807e-11
17	4.109305446325488e-11
18	3.459676450334012e-11
19	1.999399498626144e-11
20	9.048059645160089e-12
21	3.0494607237243187e-11
22	4.402432023108819e-11
23	3.677846611311465e-11
24	2.1050843107959726e-11
25	9.44697728698693e-12
26	2.6787125267753152e-11
27	3.841792107347324e-11
28	3.177517183476124e-11
29	1.7977842554294226e-11
30	8.015050700443161e-12
31	3.3728687685082836e-11
32	4.7829669929444164e-11
33	3.8814063368586394e-11
34	2.1393640373538035e-11
35	9.29265036049465e-12
36	4.251904567655407e-11
37	5.952383815468051e-11
38	4.7246349765155254e-11
39	2.5236849989278546e-11
40	1.062323009848999e-11
41	4.694650456041564e-11
42	6.526826049084465e-11
43	5.120315506354249e-11
44	2.690487361963906e-11
45	1.114715303978901e-11
46	4.497362626270524e-11
47	6.242085406106582e-11
48	4.892899843439584e-11
49	2.5764232590260237e-11
50	1.0748899204852136e-11
51	5.864812773599166e-11
52	7.997750173696744e-11
53	6.082418982560894e-11
54	3.067144051496575e-11
55	1.2280393965978693e-11
56	6.642237244245452e-11
57	8.961559067954384e-11
58	6.691589560604158e-11
59	3.285859062041036e-11
60	1.2833752175123888e-11
61	8.027394950199402e-11
62	1.0673484579651637e-10
63	7.775569005201224e-11
64	3.686542354540455e-11
65	1.399467168465262e-11
66	9.295126464135824e-11
67	1.2191115363835925e-10
68	8.670902858596036e-11
69	3.96511028574818e-11
70	1.4575282796867687e-11
71	1.1005814755136109e-10
72	1.417729528018732e-10
73	9.772130707920321e-11
74	4.261899661291541e-11
75	1.507821731392491e-11
