#	x_axis	Th_all
1	7.734425427567068e-10
2	9.69437255384243e-10
3	8.187668441436815e-10
4	5.378704171193536e-10
5	2.652227673593153e-10
6	5.593306657523621e-10
7	6.963877646385756e-10
8	5.733053917540474e-10
9	3.596788337857099e-10
10	1.7090224370103087e-10
11	5.719644211077939e-10
12	7.119443800542479e-10
13	5.879856886335264e-10
14	3.728592766024876e-10
15	1.7924421332592885e-10
16	6.282082338634993e-10
17	7.817314548241391e-10
18	6.452163096937279e-10
19	4.084278482314298e-10
20	1.9587553673007218e-10
21	6.746645333382955e-10
22	8.390787574012066e-10
23	6.910557473675357e-10
24	4.3517182469788166e-10
25	2.0737954491706987e-10
26	7.101095820745835e-10
27	8.708643418071316e-10
28	6.775742577792021e-10
29	3.777996008878953e-10
30	1.586360201111015e-10
31	6.455292056146625e-10
32	7.888321659435424e-10
33	6.113729167858161e-10
34	3.4286312189328473e-10
35	1.4596001574610217e-10
36	6.99457176469501e-10
37	8.557235689003962e-10
38	6.6529614794699e-10
39	3.7477195359420377e-10
40	1.6027968801241173e-10
41	7.841673083290164e-10
42	9.579773233741041e-10
43	7.410551760045338e-10
44	4.125894187922469e-10
45	1.737554104127627e-10
46	7.726322946286058e-10
47	9.249472903332892e-10
48	6.82196289567982e-10
49	3.557044962296286e-10
50	1.4154146284141692e-10
51	8.265803512632813e-10
52	9.883114468599491e-10
53	7.285204014524991e-10
54	3.815237033120796e-10
55	1.5415109373971113e-10
56	9.062655554936497e-10
57	1.084489649185611e-09
58	7.997023488814269e-10
59	4.168300768978465e-10
60	1.662639502152602e-10
61	1.0691235106774455e-09
62	1.2510032377577887e-09
63	8.763157169889548e-10
64	4.2663474151879183e-10
65	1.6615272462003387e-10
66	1.1353979280296398e-09
67	1.33138771049692e-09
68	9.379144061879197e-10
69	4.6022582393654433e-10
70	1.7982936298789588e-10
71	1.3014627835316755e-09
72	1.513878942600734e-09
73	1.04774383079044e-09
74	5.015311762184975e-10
75	1.938762098905622e-10
