#	x_axis	Th_all
1	6.923579430852341e-10
2	7.210406731933637e-10
3	4.3762145553111344e-10
4	2.721193870144833e-10
5	2.0094922953376905e-10
6	8.202162162212553e-10
7	8.506817551732678e-10
8	5.277225676562641e-10
9	3.396860261976728e-10
10	2.4495619491347624e-10
11	9.977603658872285e-10
12	1.02844330343247e-09
13	6.437917389945123e-10
14	4.2444705137092914e-10
15	3.04388352677979e-10
16	1.1910411130794644e-09
17	1.2227823617883634e-09
18	7.746122018874043e-10
19	5.208544150224997e-10
20	3.693025806717953e-10
21	1.280104285839759e-09
22	1.3129131352652177e-09
23	8.369601538038793e-10
24	5.66326816290976e-10
25	3.9833599013592647e-10
26	1.1010170887918806e-09
27	1.135881972655862e-09
28	7.356490585794977e-10
29	4.997897318054478e-10
30	3.4413933593485797e-10
31	1.3962075863811716e-09
32	1.433748414493197e-09
33	9.426665454123611e-10
34	6.542088446709825e-10
35	4.435391428745646e-10
36	1.7609380494626038e-09
37	1.803358997747435e-09
38	1.20771842896414e-09
39	8.543170405024907e-10
40	5.677176172803466e-10
41	1.940240267227417e-09
42	1.9861580924297877e-09
43	1.3416129729652676e-09
44	9.543389062978174e-10
45	6.26857018037691e-10
46	1.8822728128617722e-09
47	1.9292093429761807e-09
48	1.2993323287451277e-09
49	9.142873806466368e-10
50	5.960143355198803e-10
51	2.4957618419456008e-09
52	2.5573062798586436e-09
53	1.7620562571142426e-09
54	1.253625611121665e-09
55	7.892517330005306e-10
56	2.8439460843568105e-09
57	2.9171893798014747e-09
58	2.032953692874768e-09
59	1.447074733824756e-09
60	8.910094813897755e-10
61	3.510840929300435e-09
62	3.606328028319064e-09
63	2.54908987352093e-09
64	1.815453024653964e-09
65	1.0895753712733214e-09
66	4.142902318278791e-09
67	4.2666403708401825e-09
68	3.052696246110117e-09
69	2.1627273879360195e-09
70	1.2609556086801052e-09
71	5.044806179749934e-09
72	5.216719399644186e-09
73	3.780193909853567e-09
74	2.6501703629012886e-09
75	1.4939986091481543e-09
