#	x_axis	Th_all
1	1.5411743116267292e-09
2	1.6831824390084111e-09
3	1.2101590974828478e-09
4	6.430334829224454e-10
5	2.2786540226083332e-10
6	1.3571933320581385e-10
7	1.1743832996455347e-10
8	2.7417035237660252e-11
9	-4.3156687624471224e-11
10	-3.6442996946633936e-11
11	-4.867997113003921e-10
12	-5.381270986579766e-10
13	-4.112522579912452e-10
14	-2.33969528861416e-10
15	-8.523429808178101e-11
16	-9.462301000690927e-10
17	-1.01759043206783e-09
18	-7.309775580535609e-10
19	-3.7344790892894786e-10
20	-1.2290474077030621e-10
21	-1.0498910275175535e-09
22	-1.1232486966266526e-09
23	-7.982383496812495e-10
24	-4.0084902099426375e-10
25	-1.3005424187584907e-10
26	1.211012786180787e-09
27	1.2348651274289385e-09
28	7.401764133134557e-10
29	2.7151864766537675e-10
30	6.590966414198139e-11
31	3.4086544309421543e-10
32	3.517581770405186e-10
33	2.199347593817938e-10
34	1.1109713753202794e-10
35	5.389674677781091e-11
36	-3.4342649587597814e-10
37	-3.042348551898046e-10
38	-1.1949335248266104e-10
39	5.14440167402508e-11
40	7.20358227305763e-11
41	-4.962742342363359e-10
42	-4.467558558856252e-10
43	-1.891315187031265e-10
44	4.349280268066652e-11
45	7.768192078925472e-11
46	9.196136870143655e-10
47	8.908018528000823e-10
48	4.710462025170363e-10
49	1.5317065261840262e-10
50	5.025302708526169e-11
51	5.655451328032929e-10
52	5.913417947804507e-10
53	3.8974201029559723e-10
54	2.1008867179111725e-10
55	9.846525125828204e-11
56	2.2346492833459518e-10
57	3.048993168608854e-10
58	3.0737179715202273e-10
59	2.457975520698673e-10
60	1.2436046605131104e-10
61	1.6361204323999855e-09
62	1.5723848039984407e-09
63	8.29259215671278e-10
64	2.774892770249294e-10
65	9.579726866156081e-11
66	1.2854827264874883e-09
67	1.3043430363135294e-09
68	7.951826744921371e-10
69	3.4723338790922584e-10
70	1.2654469681178937e-10
71	1.5949377166723341e-09
72	1.573577902375132e-09
73	8.98549150730575e-10
74	3.5364963597291034e-10
75	1.2463710448472092e-10
