#	x_axis	Th_all
1	2.3122051388526488e-10
2	2.594421259850765e-10
3	1.932725782947264e-10
4	1.3541044640069269e-10
5	8.370187845183643e-11
6	3.037154958916985e-10
7	3.406694542131032e-10
8	2.5639442512444673e-10
9	1.78943545404262e-10
10	1.0727125978748258e-10
11	3.747075491367889e-10
12	4.2011399455795444e-10
13	3.1839694791135274e-10
14	2.2152648522306946e-10
15	1.2982177587105696e-10
16	4.498487749224068e-10
17	5.042254283893113e-10
18	3.837393301347609e-10
19	2.6528319436990215e-10
20	1.5221574601194212e-10
21	4.831004595725944e-10
22	5.413060259761976e-10
23	4.120694350697661e-10
24	2.8343287524482815e-10
25	1.6105982649998658e-10
26	4.394185584664122e-10
27	4.933395628142582e-10
28	3.7601356395105137e-10
29	2.5868000561322254e-10
30	1.4724014598987324e-10
31	5.717068871671478e-10
32	6.419283657154441e-10
33	4.922060859429959e-10
34	3.351830402936742e-10
35	1.8469151920090544e-10
36	7.235679433393769e-10
37	8.126548353257488e-10
38	6.252378583192576e-10
39	4.2047585902939076e-10
40	2.2470430724277807e-10
41	7.934868259562883e-10
42	8.910954593477865e-10
43	6.85631779289144e-10
44	4.577952314458773e-10
45	2.4135965146863956e-10
46	7.908150407537969e-10
47	8.876395974161101e-10
48	6.815048800023237e-10
49	4.532024305359636e-10
50	2.3815735633260103e-10
51	1.0587217084264934e-09
52	1.1878599783906827e-09
53	9.106845687031484e-10
54	5.909756959783735e-10
55	2.971784937556033e-10
56	1.2001424343593136e-09
57	1.3455515327955454e-09
58	1.0281792836431164e-09
59	6.571392554436571e-10
60	3.2299193116736774e-10
61	1.5035196270615616e-09
62	1.683906983706147e-09
63	1.2808247355476908e-09
64	8.004612833950556e-10
65	3.79742419818807e-10
66	1.7661205507180307e-09
67	1.9742736142768842e-09
68	1.4897959944058895e-09
69	9.086081114675615e-10
70	4.171713027344837e-10
71	2.137007499917814e-09
72	2.380714442653633e-09
73	1.7730933412712644e-09
74	1.0456049563000986e-09
75	4.6071446859202156e-10
