#	x_axis	Th_all
1	5.538324528169357e-12
2	7.953803721407073e-12
3	7.313739130250438e-12
4	4.9861943214425796e-12
5	2.694699427437792e-12
6	-7.90895147818539e-13
7	-1.2981632696945448e-12
8	-9.66240241876481e-13
9	-1.3160648125994711e-13
10	2.635283633744211e-13
11	-5.880063054006115e-12
12	-8.538344028890022e-12
13	-7.211730859778308e-12
14	-3.813685450446506e-12
15	-1.4175371085481614e-12
16	-9.948621656037925e-12
17	-1.4317729480044537e-11
18	-1.2187410760922867e-11
19	-6.742393084569458e-12
20	-2.755356860687476e-12
21	-1.1086153089321767e-11
22	-1.5956937611113464e-11
23	-1.3627297342182443e-11
24	-7.606914488837346e-12
25	-3.1550889326194565e-12
26	1.9830558070990747e-11
27	2.8827542805424714e-11
28	2.6953988446851116e-11
29	1.8508690826922286e-11
30	9.969969058417547e-12
31	1.8934554178263608e-11
32	2.8116414414749425e-11
33	2.7433351490027596e-11
34	1.973133154211415e-11
35	1.0993788139652203e-11
36	1.6563094411259542e-11
37	2.559881956112913e-11
38	2.678045044808093e-11
39	2.0578921313562226e-11
40	1.1973289076719854e-11
41	1.537191086811143e-11
42	2.4212852845934824e-11
43	2.6126876159251575e-11
44	2.0627796773481984e-11
45	1.2205801384996367e-11
46	4.426625218612288e-11
47	6.361007305335422e-11
48	5.7125317454794304e-11
49	3.685444450358885e-11
50	1.865995716037427e-11
51	6.01660225592119e-11
52	8.665924835742643e-11
53	7.759676959445905e-11
54	4.960207270041195e-11
55	2.4851407265693513e-11
56	6.244592782084726e-11
57	9.062296698824004e-11
58	8.203633714396244e-11
59	5.301380872332937e-11
60	2.6793329248635342e-11
61	1.1448303550240195e-10
62	1.6011410000626046e-10
63	1.3494334990428218e-10
64	7.955111451072805e-11
65	3.6838895157782745e-11
66	1.3124111175536487e-10
67	1.8317183416635648e-10
68	1.5341039468081824e-10
69	8.946233752000738e-11
70	4.0833715517115994e-11
71	1.699171630854136e-10
72	2.3272675443650244e-10
73	1.881371493107578e-10
74	1.0454203173289085e-10
75	4.538966707216024e-11
