#	x_axis	Th_all
1	3.03293990556801e-09
2	3.2058553840597727e-09
3	2.3341559005648838e-09
4	1.6533520024114605e-09
5	9.547883443798686e-10
6	2.0478437283522274e-09
7	2.1681997231202733e-09
8	1.5804653192343834e-09
9	1.0712056630964091e-09
10	5.755871166746424e-10
11	2.0491316183548665e-09
12	2.1672043571779134e-09
13	1.5709057253491873e-09
14	1.0717597578532707e-09
15	5.899531393878105e-10
16	2.2137157467034834e-09
17	2.3397889214800093e-09
18	1.6962000857338565e-09
19	1.1582104139388385e-09
20	6.373836366233624e-10
21	2.3708163669092083e-09
22	2.504638457658344e-09
23	1.8174864004896307e-09
24	1.2383202393973778e-09
25	6.764629867793277e-10
26	2.5305633748404164e-09
27	2.6716363696804484e-09
28	1.9500291790969026e-09
29	1.206435669083261e-09
30	5.355292888399009e-10
31	2.215778140973277e-09
32	2.3341195731806903e-09
33	1.6814329006884582e-09
34	1.0333228913423871e-09
35	4.705984070536422e-10
36	2.33621423978786e-09
37	2.4616830298304732e-09
38	1.777185129913441e-09
39	1.1003607999341994e-09
40	5.060477181570774e-10
41	2.61299983361197e-09
42	2.7509503525853286e-09
43	1.986417058418653e-09
44	1.2218920108919272e-09
45	5.523126497269483e-10
46	2.613702349247279e-09
47	2.7206185143744357e-09
48	1.8864622413914305e-09
49	1.0669826806411898e-09
50	4.473368465930387e-10
51	2.717506304182484e-09
52	2.8239508902794295e-09
53	1.950745089817939e-09
54	1.1064224280721525e-09
55	4.726171455731448e-10
56	2.952955828831965e-09
57	3.0712095435623826e-09
58	2.1319155446976797e-09
59	1.2143601076969455e-09
60	5.148891456888439e-10
61	3.4809503481938335e-09
62	3.563923061631383e-09
63	2.36013114222908e-09
64	1.2277786877790817e-09
65	4.876531443080653e-10
66	3.643522438282762e-09
67	3.735469467719949e-09
68	2.490595668972481e-09
69	1.3183681334674855e-09
70	5.33046687523361e-10
71	4.147758542021036e-09
72	4.227944530786369e-09
73	2.780276698414186e-09
74	1.4394788886713814e-09
75	5.756902027496655e-10
