#	x_axis	Th_all
1	7.329454401625503e-11
2	8.252823339674957e-11
3	6.04342874382595e-11
4	4.193945942023272e-11
5	2.7215910531557498e-11
6	1.1733642130429087e-10
7	1.3201980936059513e-10
8	9.943623528323595e-11
9	7.044437046596553e-11
10	4.416867484301339e-11
11	1.462087011587083e-10
12	1.6487803925976032e-10
13	1.2578009469038367e-10
14	8.881085933066873e-11
15	5.4100781322194905e-11
16	1.7608791778488223e-10
17	1.9889490150339415e-10
18	1.528042820293169e-10
19	1.0712054472885461e-10
20	6.370271072895724e-11
21	1.890345362469627e-10
22	2.1358343757717146e-10
23	1.6416589564986858e-10
24	1.1434128546117111e-10
25	6.726101133898587e-11
26	2.132933389156984e-10
27	2.4069399389232646e-10
28	1.8697764652435507e-10
29	1.3379404727622766e-10
30	7.99397938655246e-11
31	2.8786230680520113e-10
32	3.2621536159574865e-10
33	2.5667085305497075e-10
34	1.8175131221798616e-10
35	1.0460855255452288e-10
36	3.630199019641084e-10
37	4.124442994679851e-10
38	3.265299974471399e-10
39	2.2897303900902223e-10
40	1.2842893078457593e-10
41	3.934807281584414e-10
42	4.473580001694e-10
43	3.5445621911215577e-10
44	2.4724373392564806e-10
45	1.3733101250750934e-10
46	4.3646848136259864e-10
47	4.977129101998096e-10
48	3.9582593252675644e-10
49	2.729888307530965e-10
50	1.4828027627070089e-10
51	6.040586045825691e-10
52	6.910336163501702e-10
53	5.505580535701245e-10
54	3.7069187994181946e-10
55	1.9292481169229445e-10
56	6.804904141331366e-10
57	7.789605541242053e-10
58	6.195084235914223e-10
59	4.121236666670384e-10
60	2.1072854862572692e-10
61	9.164153630967932e-10
62	1.0509154176000955e-09
63	8.323662978325647e-10
64	5.375596789619517e-10
65	2.624381959851238e-10
66	1.085367742072686e-09
67	1.2441753864688473e-09
68	9.782015610019913e-10
69	6.168935468250007e-10
70	2.917787895764467e-10
71	1.3444727315130781e-09
72	1.5378460384102635e-09
73	1.191671534530925e-09
74	7.241817071639041e-10
75	3.2746496503320594e-10
