#	x_axis	Th_all
1	1.976474523623503e-09
2	2.1577554097713654e-09
3	1.606763970472391e-09
4	1.1483755580523857e-09
5	6.841611709068082e-10
6	1.506374615091953e-09
7	1.6508794691012446e-09
8	1.233761208481124e-09
9	8.523983875554265e-10
10	4.802228668572923e-10
11	1.597752481589461e-09
12	1.7481752893807252e-09
13	1.3012813753968284e-09
14	9.01960339358147e-10
15	5.142594177394292e-10
16	1.7860765441588046e-09
17	1.953019851629527e-09
18	1.4554329386926223e-09
19	1.0080596742195342e-09
20	5.717003370462302e-10
21	1.916613885223641e-09
22	2.0951730806479384e-09
23	1.563105584150568e-09
24	1.080080755039651e-09
25	6.080160429278442e-10
26	1.8432716735744027e-09
27	2.0262208907096785e-09
28	1.5286732173880183e-09
29	9.869352228313668e-10
30	4.808540970240186e-10
31	1.7875634836165302e-09
32	1.9603740208620277e-09
33	1.464052725854682e-09
34	9.396923393834169e-10
35	4.6382577505306874e-10
36	2.0137890627344055e-09
37	2.2078873662352657e-09
38	1.652323758856346e-09
39	1.0621509982901805e-09
40	5.224899727669361e-10
41	2.251317480603817e-09
42	2.4672520239070028e-09
43	1.8474711188737403e-09
44	1.1800699606413366e-09
45	5.712917977012263e-10
46	2.147060655027606e-09
47	2.3379055717850307e-09
48	1.7024227114753042e-09
49	1.030901176312343e-09
50	4.792451173922903e-10
51	2.4071450803927854e-09
52	2.617086306461591e-09
53	1.9013240133957283e-09
54	1.1478362604483953e-09
55	5.332247908039631e-10
56	2.6749940994075995e-09
57	2.908323847031153e-09
58	2.1164838346408542e-09
59	1.2723379432589283e-09
60	5.815790768876484e-10
61	3.104121010984148e-09
62	3.34693093409751e-09
63	2.370983892733914e-09
64	1.354460850514191e-09
65	5.992925047637548e-10
66	3.392968370000892e-09
67	3.658214472399728e-09
68	2.596223136408494e-09
69	1.4845244469174264e-09
70	6.53329255953809e-10
71	3.92114308708229e-09
72	4.211546437856833e-09
73	2.9585750840430267e-09
74	1.65682756761561e-09
75	7.154017815920748e-10
