#	x_axis	Th_all
1	2.4603683584051945e-09
2	2.502683433055272e-09
3	1.3001262745617157e-09
4	6.256998473099234e-10
5	5.12869232560608e-10
6	2.0073769152557214e-09
7	2.0307775551887935e-09
8	1.098986543728051e-09
9	5.935873717260305e-10
10	4.73864311349141e-10
11	2.2487933437550133e-09
12	2.271782876700396e-09
13	1.2243738143846164e-09
14	6.57504435985512e-10
15	5.262482309632057e-10
16	2.586392841893616e-09
17	2.598795444634875e-09
18	1.403522901714201e-09
19	7.718795709196573e-10
20	6.210107587301518e-10
21	2.7831105090828374e-09
22	2.788417224823113e-09
23	1.511938985168204e-09
24	8.461025226683407e-10
25	6.806456141593566e-10
26	2.3399130259224468e-09
27	2.3117782871268875e-09
28	1.3443238717568297e-09
29	8.897699777708882e-10
30	6.930531927217021e-10
31	2.5275242495536567e-09
32	2.5050364883350986e-09
33	1.4635134202166551e-09
34	9.599167740827927e-10
35	7.367771587636628e-10
36	3.035549115692678e-09
37	2.9902232618931998e-09
38	1.7580044093723748e-09
39	1.1832814418177036e-09
40	9.10137620966353e-10
41	3.3961626018223943e-09
42	3.334595068008867e-09
43	1.9773296089479776e-09
44	1.3568736833653675e-09
45	1.0398683414035161e-09
46	3.1183207200649663e-09
47	3.100726033595306e-09
48	1.885503056228716e-09
49	1.270914392496107e-09
50	9.224810559050294e-10
51	3.826853100743526e-09
52	3.791886363204938e-09
53	2.339849450466789e-09
54	1.6145095245230463e-09
55	1.1593630219652232e-09
56	4.3791194939513004e-09
57	4.329958858612733e-09
58	2.7093078539399024e-09
59	1.90760654909602e-09
60	1.3578686138963495e-09
61	5.108429756803782e-09
62	5.0725282969027326e-09
63	3.2526068231416778e-09
64	2.302517036695193e-09
65	1.582251639606326e-09
66	5.938957709501412e-09
67	5.89723628532131e-09
68	3.843465402833395e-09
69	2.7635180850137044e-09
70	1.877881035664844e-09
71	7.169312966802909e-09
72	7.147671412198044e-09
73	4.778840083890131e-09
74	3.4824281505019933e-09
75	2.3199953855247926e-09
