#x_axis	Th_all
1	6.648383435569983e-11
2	9.829539871105826e-11
3	8.508224515355733e-11
4	5.050967433776547e-11
5	2.3082083453497884e-11
6	5.432760857307261e-11
7	7.863890880670778e-11
8	6.589362531857668e-11
9	3.761806263178474e-11
10	1.6650406201597344e-11
11	5.839368962554868e-11
12	8.472838668078767e-11
13	7.132265361539346e-11
14	4.0997616345992106e-11
15	1.8279671135393628e-11
16	6.609154910179283e-11
17	9.561521879121691e-11
18	8.008332445805381e-11
19	4.571787850433411e-11
20	2.0241615646837168e-11
21	7.117548525491265e-11
22	1.0263540086449728e-10
23	8.549320543621132e-11
24	4.8443248250380324e-11
25	2.1285457341265507e-11
26	6.983514952253291e-11
27	9.59722398169408e-11
28	7.354104545146555e-11
29	3.696215686612214e-11
30	1.4376505962371438e-11
31	6.893237833729986e-11
32	9.479723142262078e-11
33	7.294894772198049e-11
34	3.708482681506173e-11
35	1.4716730505636617e-11
36	7.854407318342605e-11
37	1.0786499744749407e-10
38	8.273485667696278e-11
39	4.17999475602028e-11
40	1.644595400193855e-11
41	8.802958521944203e-11
42	1.2018732614672141e-10
43	9.119091076571664e-11
44	4.527765830825857e-11
45	1.7452862116897574e-11
46	8.401224487998491e-11
47	1.1207576461149923e-10
48	8.218736807500159e-11
49	3.9260513655930594e-11
50	1.4925956938846663e-11
51	9.490218393218993e-11
52	1.2617720114476106e-10
53	9.20381921020586e-11
54	4.3688611762029146e-11
55	1.6592270851163315e-11
56	1.054333815274693e-10
57	1.3965869663012513e-10
58	1.0104554360868066e-10
59	4.721388257133248e-11
60	1.752786144250996e-11
61	1.233512845143762e-10
62	1.587192274342183e-10
63	1.0963988620635871e-10
64	4.8371363529749504e-11
65	1.7754499570902555e-11
66	1.3440513441203244e-10
67	1.7277458007116625e-10
68	1.190293785663781e-10
69	5.21632902191915e-11
70	1.890133564115125e-11
71	1.5496857172815501e-10
72	1.964038876366078e-10
73	1.3204493522346243e-10
74	5.584907188336337e-11
75	1.9817682281192477e-11
