#	x_axis	Th_all
1	7.246949733131124e-12
2	1.0730162156827187e-11
3	1.0364324710983912e-11
4	7.570330600293474e-12
5	4.402435454261071e-12
6	-1.7528940583393897e-12
7	-3.114687598311926e-12
8	-3.2890611347014787e-12
9	-2.1143984701369114e-12
10	-9.116427039129178e-13
11	-8.901738047792056e-12
12	-1.3952517085758982e-11
13	-1.3692283588148605e-11
14	-9.237989640585075e-12
15	-4.707068291319785e-12
16	-1.4589663174177096e-11
17	-2.256856268222267e-11
18	-2.1957417253591267e-11
19	-1.4897418992565118e-11
20	-7.726641569882109e-12
21	-1.6104006141105222e-11
22	-2.4900310498217727e-11
23	-2.4254888018717334e-11
24	-1.6516494119799984e-11
25	-8.611030321240837e-12
26	2.494646055176269e-11
27	3.716123043362948e-11
28	3.645646680635526e-11
29	2.699249917266475e-11
30	1.57240567632043e-11
31	2.2749830349400817e-11
32	3.406471031009831e-11
33	3.444800194849556e-11
34	2.660966506463591e-11
35	1.604872662954035e-11
36	1.8230919425245674e-11
37	2.772390110472044e-11
38	2.987010282567177e-11
39	2.4924070241283263e-11
40	1.5949798802740786e-11
41	1.616013908536425e-11
42	2.4772371695090232e-11
43	2.757977777945771e-11
44	2.3873971770834968e-11
45	1.5686006492343372e-11
46	5.884934493785119e-11
47	8.819520239728964e-11
48	8.50483220079735e-11
49	6.044292118740113e-11
50	3.364193986900121e-11
51	8.123929048031577e-11
52	1.2245209304562644e-10
53	1.1848466038731485e-10
54	8.41698423526535e-11
55	4.6903455917577474e-11
56	8.411681572831077e-11
57	1.275201892916448e-10
58	1.246586015054599e-10
59	8.963569690469083e-11
60	5.062121048496756e-11
61	1.636936852156632e-10
62	2.4376689503342776e-10
63	2.2689536216759507e-10
64	1.520732082202917e-10
65	7.950824862683566e-11
66	1.901179279535113e-10
67	2.830576333858558e-10
68	2.625529150792562e-10
69	1.747331154043518e-10
70	9.037793240460558e-11
71	2.53977121738641e-10
72	3.7371514465710744e-10
73	3.376429221450783e-10
74	2.1635372729626843e-10
75	1.0698439965222806e-10
