#	x_axis	Th_all
1	5.391911950244202e-11
2	6.143372183512749e-11
3	4.414643101572062e-11
4	2.9630770062919006e-11
5	1.9447868147856985e-11
6	8.402052280090773e-11
7	9.515466629228163e-11
8	7.005784809653362e-11
9	4.897294207443757e-11
10	3.168104705810072e-11
11	9.236485270854716e-11
12	1.0444158321932617e-10
13	7.702535910189968e-11
14	5.3965164915744174e-11
15	3.4796474122080593e-11
16	1.0230884958193095e-10
17	1.1541070038597147e-10
18	8.503390935504669e-11
19	5.927586170389192e-11
20	3.789198435997839e-11
21	1.0704269304592755e-10
22	1.2047818939163788e-10
23	8.841809517867848e-11
24	6.116035129507121e-11
25	3.888178035600355e-11
26	2.324034646648346e-10
27	2.624176264955342e-10
28	2.0252813873961938e-10
29	1.4067244728442824e-10
30	7.977964876402715e-11
31	2.961956513658888e-10
32	3.3452833915168356e-10
33	2.597919144210535e-10
34	1.7877563673196697e-10
35	9.821953071597436e-11
36	3.511542716702323e-10
37	3.9683760167698896e-10
38	3.0978737631694667e-10
39	2.1284319554861994e-10
40	1.151223984394221e-10
41	3.6954340958286113e-10
42	4.1759905825252697e-10
43	3.262813548915458e-10
44	2.2398056602303353e-10
45	1.2064519559687674e-10
46	4.822952546892789e-10
47	5.425428724532066e-10
48	4.173422677070591e-10
49	2.6991850244473713e-10
50	1.3481786880270322e-10
51	6.561639863715179e-10
52	7.365180387503129e-10
53	5.633350099814062e-10
54	3.5348442398093413e-10
55	1.6816050151510454e-10
56	7.176588463526867e-10
57	8.051445979204131e-10
58	6.149334124800635e-10
59	3.828075714809816e-10
60	1.797292368874627e-10
61	1.0256612836169929e-09
62	1.1412064768860724e-09
63	8.503973695761686e-10
64	4.976968479673615e-10
65	2.1653685394698991e-10
66	1.186578447793927e-09
67	1.3155735093353415e-09
68	9.699200794756484e-10
69	5.532937112615644e-10
70	2.331232074640338e-10
71	1.4537137136903783e-09
72	1.5974412260841782e-09
73	1.1483961043747877e-09
74	6.232582096669214e-10
75	2.4900180462690897e-10
