#	x_axis	Th_all
1	6.474383855585768e-10
2	7.024528032169986e-10
3	5.442509566840003e-10
4	3.968195472295084e-10
5	2.287707595488152e-10
6	5.058402633999543e-10
7	5.522337162076073e-10
8	4.2815493644037837e-10
9	3.012140850284295e-10
10	1.6574364263983786e-10
11	5.470433279243562e-10
12	5.961021015011455e-10
13	4.6104888235242887e-10
14	3.2537483350934104e-10
15	1.8022656361933783e-10
16	6.196757337866087e-10
17	6.753472588163452e-10
18	5.229750729588766e-10
19	3.677792486736431e-10
20	2.0199932864884047e-10
21	6.669411326272501e-10
22	7.270959777504074e-10
23	5.634500310597684e-10
24	3.946788279799289e-10
25	2.1515219868219502e-10
26	6.186944092856581e-10
27	6.824628403439854e-10
28	5.317218414227564e-10
29	3.4764232219722233e-10
30	1.6956249073917222e-10
31	6.239956320885018e-10
32	6.863196564866938e-10
33	5.303972394879333e-10
34	3.4557775566274304e-10
35	1.6995894037391002e-10
36	7.247872667277679e-10
37	7.974789038462769e-10
38	6.172747349815683e-10
39	4.006952526156961e-10
40	1.9498395948370914e-10
41	8.133525580527611e-10
42	8.953347355020147e-10
43	6.930017040470861e-10
44	4.463222850772619e-10
45	2.1411211382319024e-10
46	7.584128540135871e-10
47	8.299593713778543e-10
48	6.262757215284169e-10
49	3.8764385773694003e-10
50	1.809284166019845e-10
51	8.863398928595938e-10
52	9.68693653342013e-10
53	7.28096372609668e-10
54	4.454834072852704e-10
55	2.0443075718106865e-10
56	1.0026705891616677e-09
57	1.096414012539854e-09
58	8.238412742630674e-10
59	4.993680069958859e-10
60	2.252647446542866e-10
61	1.1608948067117273e-09
62	1.260072226699514e-09
63	9.228103982599492e-10
64	5.338883535311682e-10
65	2.3060536939547994e-10
66	1.3094427112661447e-09
67	1.4210348821293993e-09
68	1.0390864754362014e-09
69	5.963165543605874e-10
70	2.546801550956636e-10
71	1.5443658524662111e-09
72	1.670145525150286e-09
73	1.2064602943074812e-09
74	6.754203965144663e-10
75	2.8265528084070734e-10
