#	x_axis	Th_all
1	5.723353977664186e-09
2	5.222132700308554e-09
3	3.237258130876305e-09
4	2.0766764988490353e-09
5	9.896735537233261e-10
6	3.8919923039484954e-10
7	2.918148197497772e-10
8	1.4709123427422362e-10
9	-3.9860827971518296e-11
10	-1.4059169149632217e-10
11	-1.886923665647772e-09
12	-1.7004327288997136e-09
13	-1.0825800385626142e-09
14	-7.504049233590782e-10
15	-3.9485787827725134e-10
16	-3.576646650809194e-09
17	-3.16886789890873e-09
18	-1.9789173099320453e-09
19	-1.2590680278241076e-09
20	-5.84966640583929e-10
21	-3.958828712441986e-09
22	-3.4939942507458853e-09
23	-2.170291620618054e-09
24	-1.3613822511287926e-09
25	-6.219351554029318e-10
26	4.360343034656859e-09
27	3.7918007965685615e-09
28	2.17521452807289e-09
29	1.0580326512361138e-09
30	3.0176863126405247e-10
31	1.2748040846994295e-09
32	1.1721142460948835e-09
33	6.402293654380213e-10
34	3.1662111409033e-10
35	1.7707931801252802e-10
36	-1.1429483813615075e-09
37	-7.794392409552489e-10
38	-4.158430110909689e-10
39	-5.908927095842152e-11
40	2.0007078798595148e-10
41	-1.6916592549616765e-09
42	-1.210446826570239e-09
43	-6.406735002354082e-10
44	-1.2610229700993838e-10
45	2.130110629971054e-10
46	3.364908924377599e-09
47	2.8412183118222338e-09
48	1.439500450237083e-09
49	5.611724713907127e-10
50	1.8329077503520758e-10
51	2.1972488448464825e-09
52	2.001152069040325e-09
53	1.1336190485837243e-09
54	6.464073597730036e-10
55	3.691964990585815e-10
56	1.0169312249638393e-09
57	1.1500423040412484e-09
58	8.339056742130694e-10
59	6.968936469804968e-10
60	4.759015765864452e-10
61	6.076153452565416e-09
62	5.051021276506332e-09
63	2.541956493562291e-09
64	1.0553079742867155e-09
65	3.928730056495052e-10
66	4.9268475322978736e-09
67	4.291953067320538e-09
68	2.387366032094806e-09
69	1.238449143972584e-09
70	5.320575542754817e-10
71	6.092516155775888e-09
72	5.171536864197083e-09
73	2.743209095025725e-09
74	1.308788907266776e-09
75	5.292919975674866e-10
