#	x_axis	Th_all
1	1.2707500622438426e-09
2	1.3140318123294645e-09
3	8.981135438661288e-10
4	6.340299999332291e-10
5	4.0575293180242055e-10
6	1.1816314439130794e-09
7	1.225498939101884e-09
8	8.467553392173803e-10
9	5.865618490631845e-10
10	3.586256140821988e-10
11	1.3534527693253586e-09
12	1.400412267878834e-09
13	9.67818699520277e-10
14	6.720576644108081e-10
15	4.100891791910232e-10
16	1.5707960623655606e-09
17	1.6224552684028416e-09
18	1.125985371595363e-09
19	7.82254649725242e-10
20	4.714320311744407e-10
21	1.6855114643396895e-09
22	1.739473843129914e-09
23	1.2096908229774167e-09
24	8.391763157492691e-10
25	5.01418782766385e-10
26	1.4423381778840995e-09
27	1.4971076709597894e-09
28	1.0611419841233256e-09
29	7.123196358642726e-10
30	3.904684843687483e-10
31	1.619389936478453e-09
32	1.6772073868460761e-09
33	1.1845192803860254e-09
34	7.91277479385776e-10
35	4.319802078526339e-10
36	1.957211345493991e-09
37	2.023851596017844e-09
38	1.436895916270873e-09
39	9.58165374688054e-10
40	5.127367086145041e-10
41	2.1726924815980287e-09
42	2.2446673364913323e-09
43	1.5975888373645586e-09
44	1.0603190609703036e-09
45	5.579733187877918e-10
46	2.0171852733951942e-09
47	2.0799875708672167e-09
48	1.4579268979852988e-09
49	9.424388421964926e-10
50	4.908124313785239e-10
51	2.4776626051922047e-09
52	2.5492941276308836e-09
53	1.790206135143472e-09
54	1.1462851547354538e-09
55	5.81495901995784e-10
56	2.7996692099933744e-09
57	2.877530129372333e-09
58	2.0231506083227586e-09
59	1.2827406291552713e-09
60	6.344678961495969e-10
61	3.262477874385203e-09
62	3.3413026329450595e-09
63	2.329621937800532e-09
64	1.4421664967144404e-09
65	6.971641604793217e-10
66	3.7247931489719606e-09
67	3.809419219866175e-09
68	2.6538057980740765e-09
69	1.6225143720883172e-09
70	7.646337981405797e-10
71	4.380503220061227e-09
72	4.466893399923607e-09
73	3.0925554003164926e-09
74	1.8478991361378086e-09
75	8.434656614559859e-10
