#	x_axis	Th_all
1	1.4565436336551386e-11
2	2.1424741169252083e-11
3	2.0876669494365956e-11
4	1.5444026982226905e-11
5	8.99450038486512e-12
6	2.2362352323189012e-11
7	3.3020057778689566e-11
8	3.199103115418841e-11
9	2.3270358916261425e-11
10	1.3300602956868875e-11
11	2.909304028388041e-11
12	4.297187046402293e-11
13	4.130751195137621e-11
14	2.9592993985242666e-11
15	1.6651759431649853e-11
16	3.631312155817486e-11
17	5.356756388198693e-11
18	5.1058214074527544e-11
19	3.606167561400566e-11
20	2.0004258315142043e-11
21	3.9631136452366e-11
22	5.834936824740655e-11
23	5.5300903834020715e-11
24	3.874909142869219e-11
25	2.1340389222073227e-11
26	3.797193399618531e-11
27	5.6196663235287244e-11
28	5.387938304067555e-11
29	3.8293195290436613e-11
30	2.135553291264219e-11
31	5.316924704089873e-11
32	7.859846385889139e-11
33	7.451934898448952e-11
34	5.193474695732262e-11
35	2.839138816307475e-11
36	6.991995267130348e-11
37	1.0314933468942424e-10
38	9.683274094230524e-11
39	6.640548811121225e-11
40	3.570850839839596e-11
41	7.740464687320488e-11
42	1.140068609158479e-10
43	1.0649008391972024e-10
44	7.249019943354657e-11
45	3.86963611888502e-11
46	8.161321526291556e-11
47	1.2009109458964672e-10
48	1.1174832673411711e-10
49	7.560764641865539e-11
50	4.008611390153856e-11
51	1.1655467593151114e-10
52	1.7055754705456318e-10
53	1.560363036730448e-10
54	1.0287734932817349e-10
55	5.305003976582196e-11
56	1.3450224713453044e-10
57	1.9608575195938253e-10
58	1.777344178203285e-10
59	1.1562500333925442e-10
60	5.876758113081817e-11
61	1.8038320722994393e-10
62	2.6144501699529983e-10
63	2.3335431240255984e-10
64	1.4829383814143115e-10
65	7.337577254542947e-11
66	2.1859798197737773e-10
67	3.1469404359755317e-10
68	2.766771084187103e-10
69	1.7204920515355803e-10
70	8.307842069374657e-11
71	2.76588365415078e-10
72	3.940951191327232e-10
73	3.3909087972198217e-10
74	2.0454878474590175e-10
75	9.560083755914928e-11
