#	x_axis	Th_all
1	1.5843004588528972e-11
2	2.2792304112192805e-11
3	1.9536399873429825e-11
4	1.1637408902354922e-11
5	5.397863807168547e-12
6	-3.4154930629747138e-12
7	-5.269052568818651e-12
8	-4.759008189726483e-12
9	-2.754113754931368e-12
10	-1.1129626895324216e-12
11	-1.5640130680931967e-11
12	-2.2186244022964695e-11
13	-1.821373064506571e-11
14	-9.794629418102235e-12
15	-3.911429456987534e-12
16	-2.541683814853867e-11
17	-3.564130688541303e-11
18	-2.884087492755282e-11
19	-1.5321022753365568e-11
20	-6.10439864625956e-12
21	-2.822326847264447e-11
22	-3.946254286014964e-11
23	-3.1807186275028256e-11
24	-1.6828706559227413e-11
25	-6.690545601141239e-12
26	2.6415307047441677e-11
27	3.749897296963921e-11
28	3.184888032454001e-11
29	1.906779833017904e-11
30	9.10466157573701e-12
31	1.499499659549952e-11
32	2.316968646539309e-11
33	2.2726255641388242e-11
34	1.6042005389953056e-11
35	8.713061875346202e-12
36	3.3239109108107112e-12
37	9.283599111677534e-12
38	1.491554550301457e-11
39	1.4346695138338738e-11
40	9.102581559262105e-12
41	-6.528267414569713e-13
42	4.57498621511359e-12
43	1.22811257723069e-11
44	1.3777508433603328e-11
45	9.224658958311315e-12
46	4.2493405879467766e-11
47	5.974971618348803e-11
48	4.984095671742824e-11
49	2.9088618636289367e-11
50	1.35195057254162e-11
51	4.963878041856362e-11
52	7.168057780068719e-11
53	6.197228754449569e-11
54	3.741544287452155e-11
55	1.7705084066433507e-11
56	4.5525265453474826e-11
57	6.82705999348463e-11
58	6.210468937177338e-11
59	3.936387798010246e-11
60	1.9146294095955193e-11
61	1.0448478731539876e-10
62	1.4168152797808178e-10
63	1.0995211742416579e-10
64	5.768537156964694e-11
65	2.4065245897173976e-11
66	1.1090740345173162e-10
67	1.519264498498766e-10
68	1.194674807080067e-10
69	6.334356654851828e-11
70	2.6276689072751165e-11
71	1.4160088328548764e-10
72	1.8891388533931314e-10
73	1.4200919839096544e-10
74	7.083183570432248e-11
75	2.7833794330912052e-11
