#	x_axis	Th_all
1	1.7976765180927428e-11
2	2.5499383707199553e-11
3	2.4606922731308072e-11
4	1.889203866606257e-11
5	1.1605182772367134e-11
6	2.511819221830501e-11
7	3.5978969247954815e-11
8	3.487133318157106e-11
9	2.6553208173477855e-11
10	1.610537327653373e-11
11	3.263077965720395e-11
12	4.7032647593468893e-11
13	4.564469399858499e-11
14	3.4484624619287513e-11
15	2.067807302918758e-11
16	4.103359917849179e-11
17	5.94042112843922e-11
18	5.7584503763888156e-11
19	4.311097489918064e-11
20	2.555092638159352e-11
21	4.515955729901919e-11
22	6.544777820527542e-11
23	6.327897724377568e-11
24	4.707730581209104e-11
25	2.771561707724082e-11
26	3.9751326892224714e-11
27	5.765583678536681e-11
28	5.604665648814252e-11
29	4.20856079870985e-11
30	2.5056948977457895e-11
31	5.538341471930506e-11
32	8.08428451153383e-11
33	7.855159200233039e-11
34	5.836669920725315e-11
35	3.4279188067642035e-11
36	7.401577360602148e-11
37	1.0851372665186446e-10
38	1.0522692564595374e-10
39	7.739744786830718e-11
40	4.489537644598602e-11
41	8.303507533909214e-11
42	1.2187357006730238e-10
43	1.1792782959184637e-10
44	8.625676049992209e-11
45	4.971845289445061e-11
46	8.429272202529731e-11
47	1.2373288342372263e-10
48	1.195359384501854e-10
49	8.713010202105258e-11
50	4.994564041395741e-11
51	1.2212162468930663e-10
52	1.7977749749446853e-10
53	1.7244144780571178e-10
54	1.2343353127188014e-10
55	6.914603761342158e-11
56	1.435065821040629e-10
57	2.1127053104548854e-10
58	2.015206752083775e-10
59	1.4265426205776532e-10
60	7.879803405865794e-11
61	1.918575608542772e-10
62	2.8252735872440114e-10
63	2.674103627628414e-10
64	1.8625337049264015e-10
65	1.0070336406705159e-10
66	2.374802183355933e-10
67	3.490563463154411e-10
68	3.270488898365679e-10
69	2.2374073357122787e-10
70	1.1822751193793579e-10
71	3.0839702477383235e-10
72	4.514833575032054e-10
73	4.1679087663597345e-10
74	2.783677821226913e-10
75	1.4309122248104527e-10
