#	x_axis	Th_all
1	2.224480525488204e-09
2	2.144047056876864e-09
3	1.4362018748230585e-09
4	9.648753754948698e-10
5	4.882941739203135e-10
6	-1.234193708543387e-11
7	-1.3440233071045139e-11
8	-1.48990293761015e-11
9	-7.193516409633067e-11
10	-8.765759997537969e-11
11	-1.0356394748191585e-09
12	-9.719455652867177e-10
13	-6.659653080301357e-10
14	-4.765444686720215e-10
15	-2.543541865362127e-10
16	-1.8146998289661911e-09
17	-1.698045072965548e-09
18	-1.1526791862387648e-09
19	-7.752842208696856e-10
20	-3.805430735456446e-10
21	-2.0055354683734246e-09
22	-1.8734982876296095e-09
23	-1.2674698176768014e-09
24	-8.428156323396516e-10
25	-4.081454675094527e-10
26	1.889410530552281e-09
27	1.7910249291674323e-09
28	1.1398986456847037e-09
29	6.291839107495189e-10
30	2.484362132943331e-10
31	6.113668827833684e-10
32	6.109781496310941e-10
33	3.6510557105433026e-10
34	2.1805195693982842e-10
35	1.4716140660937957e-10
36	-4.4502420188520477e-10
37	-3.2981063398837477e-10
38	-2.1875277558912948e-10
39	-3.186908494791398e-11
40	1.2169992077354246e-10
41	-7.184143418357672e-10
42	-5.690536433317851e-10
43	-3.635928751259897e-10
44	-8.827123796336828e-11
45	1.1926251258884942e-10
46	1.745082396980188e-09
47	1.630365692908105e-09
48	9.658958568879643e-10
49	4.954773961205904e-10
50	2.2092080100454635e-10
51	1.4237078097552462e-09
52	1.385671393409888e-09
53	8.816150051224439e-10
54	5.63937154934797e-10
55	3.2033858393582837e-10
56	9.247489063547673e-10
57	9.788579138160394e-10
58	7.037446488163043e-10
59	5.649114020902261e-10
60	3.6969104131101533e-10
61	3.5719616232609957e-09
62	3.287631014354579e-09
63	1.9637581226263987e-09
64	1.0234276031930484e-09
65	4.274032517129624e-10
66	3.242621883781898e-09
67	3.05833270249144e-09
68	1.9332006630078305e-09
69	1.1244119758899072e-09
70	5.047981399231725e-10
71	4.067631388048698e-09
72	3.768457173866358e-09
73	2.305642094924242e-09
74	1.2515344926322435e-09
75	5.209845977784603e-10
