#	x_axis	Th_all
1	2.530460103410145e-09
2	2.4431788608522174e-09
3	1.639356758841247e-09
4	1.053104184441201e-09
5	5.04270629896251e-10
6	1.718602122370232e-09
7	1.641420237258092e-09
8	1.076349529762996e-09
9	6.473799263782048e-10
10	2.8708308167184573e-10
11	1.7360085442150731e-09
12	1.6620361108226634e-09
13	1.0920228271615193e-09
14	6.685931731024529e-10
15	3.0725785955128374e-10
16	1.879280792955352e-09
17	1.7976238394947936e-09
18	1.1812136001869056e-09
19	7.236245848606984e-10
20	3.3182794837853725e-10
21	2.007810136655373e-09
22	1.916984373419632e-09
23	1.2579207926848903e-09
24	7.665453646871954e-10
25	3.474845644992834e-10
26	2.048409420852719e-09
27	1.8905697423628945e-09
28	1.170954614857099e-09
29	5.882392619916971e-10
30	1.901207230025161e-10
31	1.8117006243408415e-09
32	1.6731747446072775e-09
33	1.0295030418802668e-09
34	5.249714138006446e-10
35	1.854464243771635e-10
36	1.915066670376488e-09
37	1.7720042728277693e-09
38	1.096250715141464e-09
39	5.659301550924444e-10
40	2.0251373455354958e-10
41	2.1308674155331124e-09
42	1.9642432281473073e-09
43	1.209201338778476e-09
44	6.141054934579672e-10
45	2.1172709502626108e-10
46	2.1022046422143795e-09
47	1.8888053618887398e-09
48	1.0887304369326515e-09
49	4.954010917023134e-10
50	1.6247212649430014e-10
51	2.1849655010306856e-09
52	1.962892761532686e-09
53	1.1321172719164865e-09
54	5.2350411838791e-10
55	1.7959262052864654e-10
56	2.363900835008564e-09
57	2.124775015754991e-09
58	1.2306269154244993e-09
59	5.684821963755112e-10
60	1.8930442528985422e-10
61	2.7406846371376967e-09
62	2.3844395461723155e-09
63	1.2748100520841236e-09
64	5.153721486316393e-10
65	1.6778422858153736e-10
66	2.859420066597232e-09
67	2.4976408279054842e-09
68	1.3532255779842033e-09
69	5.632851530605931e-10
70	1.8500778081671688e-10
71	3.2202823465723065e-09
72	2.7807258289053303e-09
73	1.4695688506345097e-09
74	5.888707307626134e-10
75	1.9157338171416357e-10
