#	x_axis	Th_all
1	9.499361379996915e-10
2	1.0149482671499075e-09
3	7.804216217030965e-10
4	5.72536541353535e-10
5	3.301521303563922e-10
6	6.771026221145616e-10
7	7.288805078587862e-10
8	5.619965496639908e-10
9	3.9597221001620364e-10
10	2.1593906012344847e-10
11	7.021404266155668e-10
12	7.538831519568051e-10
13	5.785537110573075e-10
14	4.0969758253620805e-10
15	2.2647356321057668e-10
16	7.769370272852985e-10
17	8.34081923013834e-10
18	6.405517355105489e-10
19	4.527299249686005e-10
20	2.489891464995938e-10
21	8.351412705446066e-10
22	8.968998233615284e-10
23	6.895442809099756e-10
24	4.85720360338073e-10
25	2.6523950356117146e-10
26	8.325993570496955e-10
27	9.06962117322736e-10
28	7.046136762045136e-10
29	4.5778193308918e-10
30	2.1704830058824822e-10
31	7.793110973585145e-10
32	8.459513955189504e-10
33	6.499240430982449e-10
34	4.203810109570347e-10
35	2.0207219322929276e-10
36	8.67104212086391e-10
37	9.412886182396952e-10
38	7.242814593974267e-10
39	4.686549938065776e-10
40	2.245116506380073e-10
41	9.742900913985713e-10
42	1.058187957378744e-09
43	8.145836766344526e-10
44	5.233299329873477e-10
45	2.4723666906532186e-10
46	9.312237322252927e-10
47	1.0049553576011585e-09
48	7.496132830051508e-10
49	4.5510412408793973e-10
50	2.0523652478747588e-10
51	1.0340994256533438e-09
52	1.1138360154706375e-09
53	8.270474236874993e-10
54	4.98461918651496e-10
55	2.230186342357681e-10
56	1.1558691621771456e-09
57	1.2461900178862885e-09
58	9.272202931505552e-10
59	5.565474933061616e-10
60	2.46167698813567e-10
61	1.3402784792674413e-09
62	1.4312789576524583e-09
63	1.028669194786348e-09
64	5.791288594240733e-10
65	2.411923827576788e-10
66	1.4734102194623162e-09
67	1.5739893579420297e-09
68	1.1333002958739883e-09
69	6.387870095677238e-10
70	2.6643152819948637e-10
71	1.7189971713529802e-09
72	1.8295114747414193e-09
73	1.3014394707864105e-09
74	7.172505213726481e-10
75	2.95076508244191e-10
