# x_axis	Th_all
1	6.166938168642544e-10
2	6.22686388010389e-10
3	3.896621645456578e-10
4	2.648862934941221e-10
5	1.8973824274004527e-10
6	6.751883714211384e-10
7	6.822581447060967e-10
8	4.3686897940206977e-10
9	2.999481702266823e-10
10	2.0663321303413966e-10
11	8.107051162035525e-10
12	8.159778978811003e-10
13	5.266778789863927e-10
14	3.661914935844506e-10
15	2.499511300492684e-10
16	9.630126322958688e-10
17	9.668661431045945e-10
18	6.30773660303574e-10
19	4.4273146734448943e-10
20	2.975011640910917e-10
21	1.0355839583171012e-09
22	1.0389972586313631e-09
23	6.812814921678356e-10
24	4.790764007768007e-10
25	3.1891765854120484e-10
26	8.701787061307388e-10
27	8.795617413334035e-10
28	5.891631933221332e-10
29	4.1243377539344226e-10
30	2.638279739293322e-10
31	1.0746093080204456e-09
32	1.0833923168048469e-09
33	7.331354945483159e-10
34	5.169652960550951e-10
35	3.253763913248415e-10
36	1.3487682637376154e-09
37	1.3578287053882446e-09
38	9.327947161653257e-10
39	6.626178054039078e-10
40	4.0699002135625215e-10
41	1.4920509033713732e-09
42	1.501863093593207e-09
43	1.0389573275542583e-09
44	7.385563494769929e-10
45	4.473929312878736e-10
46	1.4181499659766015e-09
47	1.4290687659905942e-09
48	9.826935113456324e-10
49	6.895347536662694e-10
50	4.1627830128983675e-10
51	1.856154485669573e-09
52	1.870449761567772e-09
53	1.3065555940459578e-09
54	9.148491414355457e-10
55	5.318858467732083e-10
56	2.1194088465150193e-09
57	2.137396156544223e-09
58	1.5046696875756645e-09
59	1.0478855651307102e-09
60	5.947098482460342e-10
61	2.574061622369434e-09
62	2.5970061139861525e-09
63	1.8398412153479348e-09
64	1.2676164151850555e-09
65	6.974722302300349e-10
66	3.029601553693753e-09
67	3.0603392607103904e-09
68	2.181308536589157e-09
69	1.4843979959665225e-09
70	7.908589121090003e-10
71	3.6727850971917547e-09
72	3.7150203800904815e-09
73	2.657619137121337e-09
74	1.7721212282079266e-09
75	9.069946876997417e-10
