#	x_axis	Th_all
1	9.125487516214468e-11
2	1.0786689983400374e-10
3	7.291277553104901e-11
4	3.8751013885605224e-11
5	2.161229655774354e-11
6	7.433451129055579e-11
7	9.354857370900965e-11
8	5.679757895318629e-11
9	1.7461340186640395e-11
10	7.081053455813361e-12
11	4.1028906222552945e-11
12	6.312494328929216e-11
13	2.7933067584907777e-11
14	-2.2514969807596927e-12
15	-1.1759788040417822e-11
16	2.0149204007087547e-11
17	3.856583975045329e-11
18	1.2831658592035792e-11
19	-2.2175084093971825e-11
20	-1.93980157512638e-11
21	1.6603779631809654e-11
22	3.5575359849395386e-11
23	1.036876675846971e-11
24	-2.5600330563876032e-11
25	-2.2345073989610727e-11
26	4.156388579389651e-10
27	4.473889509281749e-10
28	2.834330365541986e-10
29	1.782912040135449e-10
30	1.2982558314741713e-10
31	4.85578056838029e-10
32	5.169393574881317e-10
33	3.2283130713719056e-10
34	2.072470560874762e-10
35	1.5633097277639424e-10
36	5.330282013706964e-10
37	5.614917332977726e-10
38	3.4203974920656775e-10
39	2.2185914432695205e-10
40	1.754726036624799e-10
41	5.449284661876863e-10
42	5.722300790216943e-10
43	3.452358551987068e-10
44	2.2407227501184622e-10
45	1.8014003583113346e-10
46	8.927936521537727e-10
47	9.507854779206759e-10
48	6.553668816287915e-10
49	4.658927662671097e-10
50	3.185815821820196e-10
51	1.2256555174407621e-09
52	1.3042485219494688e-09
53	9.245662536518523e-10
54	6.773906570663962e-10
55	4.545641382732186e-10
56	1.3202231830413786e-09
57	1.4035357933653034e-09
58	9.998978931754446e-10
59	7.396217620978554e-10
60	4.972652583324904e-10
61	2.0998515278640202e-09
62	2.261944199632948e-09
63	1.6918348246315403e-09
64	1.2467786760812796e-09
65	7.704465904127618e-10
66	2.4472581935775376e-09
67	2.645274826987422e-09
68	2.0023171078046473e-09
69	1.4741083982842e-09
70	8.912796352012823e-10
71	3.1274168325559853e-09
72	3.409431812992e-09
73	2.6198294169698905e-09
74	1.889005746528796e-09
75	1.0831315544102673e-09
