#	x_axis	Th_all
1	5.143414855459213e-10
2	5.542575211990823e-10
3	4.1726746401321626e-10
4	2.6463257730442183e-10
5	1.202208255796437e-10
6	-4.033629948414606e-11
7	-4.396708137013149e-11
8	-4.626217704193972e-11
9	-4.881434246360059e-11
10	-2.8799467432143363e-11
11	-3.242713765514277e-10
12	-3.439148715305557e-10
13	-2.7034507917563625e-10
14	-1.7720427925880247e-10
15	-7.714908114153031e-11
16	-5.452860676464709e-10
17	-5.761862339920406e-10
18	-4.4195244294425935e-10
19	-2.7500883913916453e-10
20	-1.1451098466549477e-10
21	-6.035352167621328e-10
22	-6.367503304049014e-10
23	-4.857314567121684e-10
24	-2.991226930578354e-10
25	-1.2346499165089527e-10
26	5.466332117197267e-10
27	5.784665880605984e-10
28	4.047829753109784e-10
29	2.2760064813746383e-10
30	1.0029598533384227e-10
31	2.267352371387805e-10
32	2.452274877469551e-10
33	1.763339320353212e-10
34	1.2562819088381375e-10
35	7.920927166389652e-11
36	-5.5542183495145174e-11
37	-3.7953573656550975e-11
38	-2.6634327031814316e-12
39	6.486510633237055e-11
40	7.720362355347477e-11
41	-1.3745909930674257e-10
42	-1.1889062529698215e-10
43	-5.2639079968385775e-11
44	4.937941608270118e-11
45	7.750880488463872e-11
46	6.320871592079318e-10
47	6.605104561914229e-10
48	4.509326809600173e-10
49	2.5586237674503223e-10
50	1.1943613475646632e-10
51	6.210020589977926e-10
52	6.673644637154091e-10
53	4.926597864567298e-10
54	3.195782684166053e-10
55	1.620641224905609e-10
56	4.959104233035502e-10
57	5.559007645669956e-10
58	4.5067734401425755e-10
59	3.3154365079622664e-10
60	1.7935105268710328e-10
61	1.3984705060837817e-09
62	1.4494880518179132e-09
63	9.83324049156996e-10
64	5.262187098030605e-10
65	2.163060837550278e-10
66	1.3757611563000631e-09
67	1.4492419698272596e-09
68	1.0238622506755045e-09
69	5.785094738596345e-10
70	2.414876829054601e-10
71	1.7301122463735263e-09
72	1.7947566431411746e-09
73	1.2207700783892666e-09
74	6.433370025440953e-10
75	2.5127361576407767e-10
