#	x_axis	Th_all
1	1.468366354324686e-10
2	1.9938827276897546e-10
3	1.7159887127653853e-10
4	1.0688841759236652e-10
5	5.1051551522545255e-11
6	1.4853587403110633e-10
7	1.9973337321374142e-10
8	1.6838358513506346e-10
9	1.0220618380277977e-10
10	4.795376864986161e-11
11	1.7320734876097567e-10
12	2.325416265118276e-10
13	1.9526626961907014e-10
14	1.176660701902321e-10
15	5.4727867669743415e-11
16	2.0332585196751563e-10
17	2.720488813872918e-10
18	2.2655623283123616e-10
19	1.3471929060451847e-10
20	6.183884407114193e-11
21	2.1863931857034386e-10
22	2.9182843411494484e-10
23	2.417094257648603e-10
24	1.4257036290873203e-10
25	6.494938219470889e-11
26	1.9054367480883484e-10
27	2.5033867025194795e-10
28	2.0018646799229113e-10
29	1.1260807113146065e-10
30	4.952487209894371e-11
31	2.1947105725775643e-10
32	2.8745164781399913e-10
33	2.2848580320288788e-10
34	1.273895086422186e-10
35	5.547910276396013e-11
36	2.679965243989828e-10
37	3.492805716297444e-10
38	2.7419249013153727e-10
39	1.4962027019717448e-10
40	6.367703327838672e-11
41	2.9746878800692976e-10
42	3.860751059411208e-10
43	3.0013860934730287e-10
44	1.6121181561032966e-10
45	6.749854608838006e-11
46	2.7751580627230663e-10
47	3.577784202672166e-10
48	2.757062271733327e-10
49	1.4741802413457998e-10
50	6.199584163564092e-11
51	3.437202646240443e-10
52	4.3973884697250083e-10
53	3.3301521363733527e-10
54	1.7317065061455056e-10
55	7.091914234938408e-11
56	3.8761485402047473e-10
57	4.929645853313233e-10
58	3.6826622073939754e-10
59	1.8726409336954776e-10
60	7.492717185719417e-11
61	4.5399262449108045e-10
62	5.70255713992682e-10
63	4.160102051801084e-10
64	2.0506475698419872e-10
65	8.073790122874459e-11
66	5.162179613637597e-10
67	6.440330570635694e-10
68	4.6271300838135335e-10
69	2.2241149571274602e-10
70	8.543790319905788e-11
71	6.031548895934357e-10
72	7.436606905973285e-10
73	5.213507234015059e-10
74	2.414186884488424e-10
75	9.004234335447468e-11
