#	x_axis	Th_all
1	4.455764622506344e-09
2	4.413669525002164e-09
3	2.9531014642410567e-09
4	2.098401598871159e-09
5	1.2819615297626078e-09
6	2.898711512295237e-09
7	2.8726392505040883e-09
8	1.944174266554629e-09
9	1.3288797237967742e-09
10	7.461945538192789e-10
11	2.862074393024537e-09
12	2.8366742801158577e-09
13	1.9030152931030686e-09
14	1.3047458716954062e-09
15	7.536669072515568e-10
16	3.062595777586836e-09
17	3.0330440010156865e-09
18	2.033907218150079e-09
19	1.3964640470001456e-09
20	8.078560843860032e-10
21	3.2762168697755148e-09
22	3.2414592722727994e-09
23	2.177140992453432e-09
24	1.493670940274411e-09
25	8.577595225905729e-10
26	3.547682515898351e-09
27	3.488196875469424e-09
28	2.4072220412729647e-09
29	1.5264497908452668e-09
30	6.938349465828109e-10
31	3.035149585155973e-09
32	2.9832962371927765e-09
33	2.0270988762114277e-09
34	1.2685186265449422e-09
35	5.913670850189806e-10
36	3.1469768365474228e-09
37	3.0944670695460552e-09
38	2.104881865599252e-09
39	1.3280646130679144e-09
40	6.27923572664806e-10
41	3.516767494886969e-09
42	3.4528820419869405e-09
43	2.35206667321547e-09
44	1.4775620755774048e-09
45	6.865471224296073e-10
46	3.5532489631854488e-09
47	3.4511308798351785e-09
48	2.2652885233730413e-09
49	1.2962531904762222e-09
50	5.463761666549935e-10
51	3.630380597147034e-09
52	3.520725288109489e-09
53	2.2977507816314876e-09
54	1.3164524887470202e-09
55	5.679169184958316e-10
56	3.92338019106796e-09
57	3.807134459186532e-09
58	2.499557761611164e-09
59	1.4444416676508435e-09
60	6.213768393691469e-10
61	4.630888372692737e-09
62	4.418691312155226e-09
63	2.7670474104738803e-09
64	1.4401023797611868e-09
65	5.650451128028353e-10
66	4.802139855599265e-09
67	4.5884404163629346e-09
68	2.8929647014307815e-09
69	1.5397980011140057e-09
70	6.227338880252306e-10
71	5.445344940899523e-09
72	5.1697727011841955e-09
73	3.215051373930862e-09
74	1.6738032659225617e-09
75	6.714547217346069e-10
