#	x_axis	Th_all
1	1.4287775760527206e-10
2	2.0899219686023614e-10
3	1.8482873147612412e-10
4	1.1400252809225726e-10
5	5.419024656019361e-11
6	1.082735072357115e-10
7	1.5527113881123779e-10
8	1.3269098294105934e-10
9	7.846312637100171e-11
10	3.593902670410394e-11
11	1.1218302915872763e-10
12	1.6133250062480487e-10
13	1.3876894863496676e-10
14	8.287617868332046e-11
15	3.8383144642372237e-11
16	1.246113294824015e-10
17	1.789639549682996e-10
18	1.5353325718000978e-10
19	9.136470567386318e-11
20	4.217302147767749e-11
21	1.342042456023256e-10
22	1.9230296486307738e-10
23	1.6425205402208783e-10
24	9.714500935675358e-11
25	4.4560868116675366e-11
26	1.4132823458255794e-10
27	1.939061307473213e-10
28	1.5216478260633389e-10
29	7.952667719024399e-11
30	3.1958251307676036e-11
31	1.3134825095689306e-10
32	1.8007532416221912e-10
33	1.4170692319668608e-10
34	7.479606682034764e-11
35	3.0622544585469146e-11
36	1.4473493694479373e-10
37	1.986285652589307e-10
38	1.5650643144397655e-10
39	8.27007970741046e-11
40	3.388597905343468e-11
41	1.6270105194829672e-10
42	2.2234939906031936e-10
43	1.7368603800691624e-10
44	9.050442978709474e-11
45	3.646695347314599e-11
46	1.5916717508812222e-10
47	2.1161506072401008e-10
48	1.5808408487268862e-10
49	7.782892085761353e-11
50	3.002088312457622e-11
51	1.7326117946697426e-10
52	2.30005509444847e-10
53	1.7157822026105877e-10
54	8.454494126005193e-11
55	3.2917020745112314e-11
56	1.910951007526065e-10
57	2.534565311700122e-10
58	1.8843458814399793e-10
59	9.20902528281932e-11
60	3.532260096215097e-11
61	2.2605494866223844e-10
62	2.905228443075169e-10
63	2.0473550745744306e-10
64	9.335832916427631e-11
65	3.479657517825578e-11
66	2.421056093847915e-10
67	3.1174134242366915e-10
68	2.2037716011311197e-10
69	1.0088544686991945e-10
70	3.7615237087295606e-11
71	2.788203200528298e-10
72	3.545923333857881e-10
73	2.4527791669028875e-10
74	1.0899942954917014e-10
75	4.006238538696067e-11
