#	x_axis	Th_all
1	9.54939681199673e-12
2	1.3440121053787686e-11
3	1.2400688195928826e-11
4	8.543896369543251e-12
5	4.6157495829267795e-12
6	1.5241208957598835e-11
7	2.139784193836307e-11
8	1.942294704369622e-11
9	1.299300151678585e-11
10	6.8192178909249366e-12
11	1.9485451695081012e-11
12	2.7201675642513505e-11
13	2.4292473313100826e-11
14	1.5871742537883877e-11
15	8.158618910766043e-12
16	2.3902446223960423e-11
17	3.316292184345239e-11
18	2.917622314470498e-11
19	1.8676654727873416e-11
20	9.433269206883489e-12
21	2.583009551153303e-11
22	3.5688765559246175e-11
23	3.1140302256472256e-11
24	1.973558554925993e-11
25	9.89267506401927e-12
26	2.6929661958353857e-11
27	3.758926143351548e-11
28	3.3345339511686965e-11
29	2.1473604551205525e-11
30	1.0862175360953806e-11
31	3.7074478541908264e-11
32	5.1315730272066554e-11
33	4.454069773841992e-11
34	2.7801575596677728e-11
35	1.3671393998833321e-11
36	4.766518548318403e-11
37	6.550511731442194e-11
38	5.5899482880510866e-11
39	3.406713351084473e-11
40	1.6392355107109572e-11
41	5.2119866766178114e-11
42	7.13754315538626e-11
43	6.045760381810159e-11
44	3.648307323563729e-11
45	1.7405807517081303e-11
46	5.62833316929269e-11
47	7.675473779790206e-11
48	6.437849651505174e-11
49	3.83144652073542e-11
50	1.8047485591607414e-11
51	7.862493292033482e-11
52	1.058325817287806e-10
53	8.629834278976717e-11
54	4.937723774915664e-11
55	2.24231224954144e-11
56	8.927209864928797e-11
57	1.1936570162173877e-10
58	9.603848535281927e-11
59	5.395917682146928e-11
60	2.4100059164587624e-11
61	1.1904167220059033e-10
62	1.571241317995272e-10
63	1.2301266077069414e-10
64	6.64350017584543e-11
65	2.8529754010349013e-11
66	1.4154645124070379e-10
67	1.8471960909460163e-10
68	1.4142583256011452e-10
69	7.400956992715083e-11
70	3.082985231071017e-11
71	1.7515656016512732e-10
72	2.2477138907588623e-10
73	1.6660304534859675e-10
74	8.325662036319736e-11
75	3.321052668023437e-11
