#	x_axis	Th_all
1	5.303713042568317e-10
2	6.038709178039474e-10
3	4.505186084831166e-10
4	3.2009917572410704e-10
5	2.0638797915680995e-10
6	6.028340077390589e-10
7	6.885418143659229e-10
8	5.197035483480475e-10
9	3.6714202415416606e-10
10	2.296805129129062e-10
11	7.270568479336063e-10
12	8.299313960544813e-10
13	6.30357688728815e-10
14	4.4660148186003934e-10
15	2.761019739037735e-10
16	8.660124158760338e-10
17	9.88949575267579e-10
18	7.560409588099382e-10
19	5.355293629327803e-10
20	3.2616917544314983e-10
21	9.314868438871327e-10
22	1.0640531974781753e-09
23	8.15305158204227e-10
24	5.762868116002374e-10
25	3.4813579102498303e-10
26	8.001957132688242e-10
27	9.195727965769329e-10
28	7.095752206208342e-10
29	4.951130270371973e-10
30	2.913323689012288e-10
31	9.928351033203259e-10
32	1.1409981498625312e-09
33	8.850684588184624e-10
34	6.159302610796088e-10
35	3.558263609654537e-10
36	1.2470607062318003e-09
37	1.435186344686069e-09
38	1.121627399288435e-09
39	7.773100087568953e-10
40	4.3862651498202945e-10
41	1.3788973840959765e-09
42	1.588114398042625e-09
43	1.244285845449634e-09
44	8.585378094030356e-10
45	4.781647936190299e-10
46	1.3148995100363781e-09
47	1.512460103899727e-09
48	1.1764091862098882e-09
49	8.039298867411952e-10
50	4.465768573366646e-10
51	1.717118262883531e-09
52	1.9783777621027207e-09
53	1.5459658471972614e-09
54	1.0430338208450114e-09
55	5.606272782326387e-10
56	1.955410208578676e-09
57	2.2549657517115467e-09
58	1.7634013691703046e-09
59	1.1769761413416609e-09
60	6.191267851961485e-10
61	2.3708169432258322e-09
62	2.735704119106132e-09
63	2.137587840451375e-09
64	1.4073640633361483e-09
65	7.248399726064239e-10
66	2.7733775185176505e-09
67	3.2024179982662964e-09
68	2.4979521826533756e-09
69	1.6188411542255315e-09
70	8.127157827683984e-10
71	3.333406741745099e-09
72	3.849895899228173e-09
73	2.9882914279886427e-09
74	1.8947692464775517e-09
75	9.236290850818196e-10
