#	x_axis	Th_all
1	2.4099084485790325e-10
2	2.707634517896596e-10
3	2.086529919568568e-10
4	1.5877213083833477e-10
5	1.0602475535821454e-10
6	2.378980092206636e-10
7	2.706663951621833e-10
8	2.1310300238616736e-10
9	1.6056489540574995e-10
10	1.0345973211669527e-10
11	2.8081436365826175e-10
12	3.1986930381513006e-10
13	2.5321997604102507e-10
14	1.911386735796619e-10
15	1.223484017693181e-10
16	3.337908606827673e-10
17	3.8160959363036033e-10
18	3.0486742771879524e-10
19	2.3001094005500466e-10
20	1.4531003163927967e-10
21	3.616010281928873e-10
22	4.1440613074680616e-10
23	3.32507762675682e-10
24	2.5033124249673063e-10
25	1.5689565725363288e-10
26	3.0482705805664834e-10
27	3.5541722282512586e-10
28	2.923642743442157e-10
29	2.1724256650466758e-10
30	1.3063056284825758e-10
31	3.6275411531514004e-10
32	4.239760023242181e-10
33	3.5003893194650627e-10
34	2.5924938102539024e-10
35	1.54437848730743e-10
36	4.5684189373556433e-10
37	5.368505199390827e-10
38	4.47848434256903e-10
39	3.3090048605577425e-10
40	1.9384251026511745e-10
41	5.12631640651035e-10
42	6.044686461955802e-10
43	5.067265756220082e-10
44	3.7314889910608836e-10
45	2.1632934114885275e-10
46	4.77126604895564e-10
47	5.626460937238201e-10
48	4.67390054715051e-10
49	3.3904916274152043e-10
50	1.94716016343115e-10
51	6.246303342682422e-10
52	7.416178031137327e-10
53	6.208873582726101e-10
54	4.454790412426497e-10
55	2.490419018594915e-10
56	7.248126531711821e-10
57	8.645982459339714e-10
58	7.267962527058353e-10
59	5.170540796462608e-10
60	2.8406950800258234e-10
61	8.780776373315788e-10
62	1.0513943994103234e-09
63	8.82294736487187e-10
64	6.16335881227667e-10
65	3.295167002745339e-10
66	1.0482528254129497e-09
67	1.2610083045528214e-09
68	1.0595485772814341e-09
69	7.303677711223541e-10
70	3.8222718584266373e-10
71	1.2961702016291855e-09
72	1.5668198359119225e-09
73	1.3136457329101247e-09
74	8.877558186282398e-10
75	4.531371259573014e-10
