#	x_axis	Th_all
1	3.4334760098543853e-12
2	5.303479521966657e-12
3	5.30682326130592e-12
4	3.932598644334771e-12
5	2.2863367184531295e-12
6	6.3565329175629385e-12
7	9.807889670807642e-12
8	9.653750330785871e-12
9	6.950036694149426e-12
10	3.92090799800875e-12
11	7.945668399012037e-12
12	1.2167133439151739e-11
13	1.1779267801153057e-11
14	8.306043918154534e-12
15	4.600984363424754e-12
16	9.654963837861394e-12
17	1.4657334556945052e-11
18	1.3955984622662456e-11
19	9.646492576466684e-12
20	5.252997883692942e-12
21	1.0437573386968212e-11
22	1.5746025937247116e-11
23	1.483893505228229e-11
24	1.0143669148676295e-11
25	5.478713996164786e-12
26	1.6107496805883134e-11
27	2.462078163089091e-11
28	2.346001948243929e-11
29	1.607597887959909e-11
30	8.617724627933857e-12
31	2.2268821462271587e-11
32	3.3748099958941574e-11
33	3.156458757078663e-11
34	2.1099186523859862e-11
35	1.103710667476495e-11
36	2.799427322957735e-11
37	4.220957508474421e-11
38	3.905485142233861e-11
39	2.5728266863926145e-11
40	1.3263132913209739e-11
41	3.0139480401401705e-11
42	4.533119753932331e-11
43	4.1754709771747255e-11
44	2.7354481402868805e-11
45	1.4030433888394825e-11
46	3.78046026067781e-11
47	5.604719005511991e-11
48	5.025272554579811e-11
49	3.180284468066647e-11
50	1.5781422703573588e-11
51	5.394739898717387e-11
52	7.894298771293301e-11
53	6.906079503962608e-11
54	4.229121617865547e-11
55	2.0303190521380125e-11
56	6.053629488460128e-11
57	8.815423489315573e-11
58	7.644383292873184e-11
59	4.627287442214088e-11
60	2.1962568686546893e-11
61	8.72406624952206e-11
62	1.246928781711594e-10
63	1.0454545919771523e-10
64	6.044024354184848e-11
65	2.733110571880524e-11
66	1.0377674217847812e-10
67	1.4680129121264001e-10
68	1.2085096539015205e-10
69	6.812846508401372e-11
70	2.999735907353351e-11
71	1.3069377108260924e-10
72	1.8158520651233742e-10
73	1.4491652902597343e-10
74	7.829143556489926e-11
75	3.3018479277788705e-11
