#	x_axis	Th_all
1	6.290970631597092e-10
2	6.899820641291562e-10
3	5.361412669946926e-10
4	3.6522527433133256e-10
5	1.8290272978773966e-10
6	-3.8666165815622156e-11
7	-3.931536157702261e-11
8	-3.926063969194445e-11
9	-5.0053081882989234e-11
10	-3.777215588328478e-11
11	-3.7084175965316515e-10
12	-4.0071395810590127e-10
13	-3.223802871506775e-10
14	-2.287703555776499e-10
15	-1.1508207090314892e-10
16	-6.279874923088917e-10
17	-6.791704542650597e-10
18	-5.37994582577053e-10
19	-3.639724552224305e-10
20	-1.7431785049298702e-10
21	-6.944427807596163e-10
22	-7.505763885124255e-10
23	-5.922709717309157e-10
24	-3.9695887613377753e-10
25	-1.8838993498601657e-10
26	6.066482294870791e-10
27	6.605893744794584e-10
28	4.83419607205336e-10
29	2.86783304412251e-10
30	1.3025331415106717e-10
31	2.1122884342747039e-10
32	2.2891992592471353e-10
33	1.597949856266175e-10
34	1.1328505747636953e-10
35	7.693810754081834e-11
36	-1.3514350873971194e-10
37	-1.4020002066536884e-10
38	-1.0245018796107606e-10
39	-6.2432840140917406e-12
40	5.0808000852519584e-11
41	-2.3375719569137187e-10
42	-2.441212690520804e-10
43	-1.748564930497497e-10
44	-3.746038122809932e-11
45	4.484270511092319e-11
46	6.551314659449913e-10
47	7.025746974069667e-10
48	4.94801180792407e-10
49	2.9038036525289916e-10
50	1.3984674626875882e-10
51	6.066052171197434e-10
52	6.62078718628784e-10
53	4.976349986987808e-10
54	3.378497146020458e-10
55	1.830491883073736e-10
56	4.4680481549794814e-10
57	5.040513386468643e-10
58	4.158020169696231e-10
59	3.302808685974602e-10
60	1.978072043290697e-10
61	1.4758525266865712e-09
62	1.5797748135150533e-09
63	1.1240495241898586e-09
64	6.427658986711247e-10
65	2.810833953664899e-10
66	1.426882566490277e-09
67	1.547719926451615e-09
68	1.144695968022873e-09
69	6.953280587901341e-10
70	3.152064830755853e-10
71	1.826502961960605e-09
72	1.960617893678776e-09
73	1.4068212024785421e-09
74	8.024104440982509e-10
75	3.404348926920466e-10
