#	x_axis	Th_all
1	1.5199193230476654e-10
2	1.9654906839350436e-10
3	1.5828630781269412e-10
4	8.949484335939433e-11
5	3.8256208638842445e-11
6	-1.308934425577725e-11
7	-2.0711837940769658e-11
8	-2.2941758625516284e-11
9	-1.6026971258302415e-11
10	-6.27697218854525e-12
11	-1.0781796543765758e-10
12	-1.3978749652538086e-10
13	-1.1327190664281388e-10
14	-6.044589020996945e-11
15	-2.2179637120565208e-11
16	-1.8215797502104057e-10
17	-2.3267127294555892e-10
18	-1.831412378630963e-10
19	-9.459592044193349e-11
20	-3.437244507284991e-11
21	-2.0260310161311956e-10
22	-2.578535256532561e-10
23	-2.0158780051999344e-10
24	-1.0328618438970904e-10
25	-3.738667880409701e-11
26	1.9498609686669613e-10
27	2.4441144790535476e-10
28	1.863562275046486e-10
29	1.010970438136487e-10
30	4.383247344023202e-11
31	9.008372876739834e-11
32	1.1938221498773767e-10
33	1.0608101722428683e-10
34	7.348122069125543e-11
35	3.895235392928499e-11
36	-6.392484876260865e-12
37	1.025434865647805e-11
38	4.406013706501733e-11
39	5.947281658385447e-11
40	4.053262831442469e-11
41	-3.5219367308669747e-11
42	-2.1837277142529595e-11
43	2.6328027722622727e-11
44	5.596570969393778e-11
45	4.126399059053806e-11
46	2.454717171434327e-10
47	3.050435475960183e-10
48	2.3113278943682259e-10
49	1.2626892721612704e-10
50	5.563510023348377e-11
51	2.479596729913421e-10
52	3.2101178688032665e-10
53	2.6337915430260566e-10
54	1.5738643915858826e-10
55	7.280460210676327e-11
56	2.0360652998155158e-10
57	2.7888585275334473e-10
58	2.516097053087721e-10
59	1.6468038433531463e-10
60	7.924868480309435e-11
61	5.41643685341614e-10
62	6.614044168372293e-10
63	4.766902632990627e-10
64	2.35661369249423e-10
65	9.348699086818517e-11
66	5.345931431507216e-10
67	6.665050988349788e-10
68	4.988692521458716e-10
69	2.568660429358343e-10
70	1.0245687738757579e-10
71	6.679366468001812e-10
72	8.146865027464378e-10
73	5.825763250472539e-10
74	2.8108671952400484e-10
75	1.0679864133335286e-10
