#	x_axis	Th_all
1	1.2715138274244183e-10
2	1.561288031042964e-10
3	1.1650214811970584e-10
4	5.919155176640963e-11
5	2.2921711417969774e-11
6	-9.733613664927749e-12
7	-1.5407637381546578e-11
8	-1.642141979499101e-11
9	-1.0283909088020254e-11
10	-3.1945009074244217e-12
11	-8.5120521033869e-11
12	-1.0405386367663295e-10
13	-7.72028404219274e-11
14	-3.550604286751686e-11
15	-1.0729914489924564e-11
16	-1.439889753927701e-10
17	-1.7285486668828043e-10
18	-1.2401820978684558e-10
19	-5.487033460322107e-11
20	-1.6532611725297314e-11
21	-1.5992680305150552e-10
22	-1.9115154419364362e-10
23	-1.3606501919382972e-10
24	-5.960659531345563e-11
25	-1.789792599898539e-11
26	1.5413230953139127e-10
27	1.8213867332929384e-10
28	1.2737650779581944e-10
29	6.185687843738638e-11
30	2.4876348580387613e-11
31	7.07516529825252e-11
32	9.092621049799231e-11
33	7.75551520196837e-11
34	5.064728937487741e-11
35	2.5179021715766632e-11
36	-3.812221971190467e-12
37	1.469483071322388e-11
38	4.2606447379077274e-11
39	4.8946860889324514e-11
40	2.930781522863143e-11
41	-2.5542274526164984e-11
42	-7.0473001910192256e-12
43	3.307545886285961e-11
44	4.895739190822508e-11
45	3.066654470720305e-11
46	1.8625420216055683e-10
47	2.1824724604793113e-10
48	1.523651273854267e-10
49	7.556899751331444e-11
50	3.146811547964294e-11
51	1.8565581748277354e-10
52	2.2942925763722472e-10
53	1.7668003235943378e-10
54	9.744529681178706e-11
55	4.219886397142675e-11
56	1.5197476173302936e-10
57	2.0185898196733216e-10
58	1.7372741398628475e-10
59	1.0574829235643024e-10
60	4.696610177621922e-11
61	4.0103886355697045e-10
62	4.5806372090658364e-10
63	2.989981224979543e-10
64	1.2983071663507206e-10
65	4.78842800918465e-11
66	3.9302791844219203e-10
67	4.611392586048775e-10
68	3.158280937050562e-10
69	1.4441233335201784e-10
70	5.272982129832559e-11
71	4.86688925309519e-10
72	5.555382631639947e-10
73	3.597795676583832e-10
74	1.515991286628887e-10
75	5.273442754358987e-11
