#	x_axis	Th_all
1	2.657959339836237e-10
2	3.1026933954029185e-10
3	2.5151287004796594e-10
4	1.7196173937445098e-10
5	9.091284826064743e-11
6	2.6894371358839236e-10
7	3.1353808610730304e-10
8	2.5149888682107623e-10
9	1.673012915934903e-10
10	8.627938777779626e-11
11	3.1575401529848463e-10
12	3.6791467651008114e-10
13	2.9496838912295775e-10
14	1.9522636290314584e-10
15	9.962746532174865e-11
16	3.718032575903243e-10
17	4.3295590561001063e-10
18	3.462637759186985e-10
19	2.2678701491016083e-10
20	1.1399075023932061e-10
21	3.999140376130021e-10
22	4.6535714973585027e-10
23	3.712661250615515e-10
24	2.4151346785366657e-10
25	1.2038158946142206e-10
26	3.4135560081072974e-10
27	3.966188727274183e-10
28	3.1116844306445953e-10
29	1.9394139879570484e-10
30	9.315321987920482e-11
31	4.0079945452476055e-10
32	4.648148926004794e-10
33	3.631246423289873e-10
34	2.2423623902094406e-10
35	1.06287363573454e-10
36	4.948582812814187e-10
37	5.732679980730228e-10
38	4.4563596962378674e-10
39	2.7041343590084534e-10
40	1.2503871415721476e-10
41	5.495343095745172e-10
42	6.358190986343693e-10
43	4.919639131851794e-10
44	2.9484532280496254e-10
45	1.3419554114424106e-10
46	5.121436180074891e-10
47	5.895501079347545e-10
48	4.5101052508641653e-10
49	2.6798805647604145e-10
50	1.2194603969105367e-10
51	6.476827150533291e-10
52	7.430726649080426e-10
53	5.621911492428087e-10
54	3.253022858156923e-10
55	1.4334988370414648e-10
56	7.358115198631685e-10
57	8.419443680153714e-10
58	6.313047843279937e-10
59	3.5791451377454015e-10
60	1.5384830109005266e-10
61	8.697114492326244e-10
62	9.888706563103348e-10
63	7.291321790835339e-10
64	4.0218083672929826e-10
65	1.6928412426920119e-10
66	1.0046152830095826e-09
67	1.1376680956089358e-09
68	8.285467361419247e-10
69	4.456183975718738e-10
70	1.824177835498516e-10
71	1.1917130727881552e-09
72	1.3399888580422706e-09
73	9.56832653140005e-10
74	4.967746049690727e-10
75	1.968150621962528e-10
