#	x_axis	Th_all
1	2.1727933929075376e-10
2	2.3750434465308916e-10
3	1.4680141510028174e-10
4	7.766058437200427e-11
5	4.879379571850259e-11
6	2.6913789683812053e-10
7	2.9455695282028794e-10
8	1.7624753678986074e-10
9	9.392444772088762e-11
10	6.753665187882052e-11
11	2.488839406772286e-10
12	2.7796166529887453e-10
13	1.6298093222602768e-10
14	8.422141590161935e-11
15	6.593397784088599e-11
16	2.390744766985941e-10
17	2.708529276451631e-10
18	1.5595814717160526e-10
19	7.83527793441187e-11
20	6.571993713571201e-11
21	2.391502210047526e-10
22	2.7136680644931964e-10
23	1.5507620035915551e-10
24	7.672789651703333e-11
25	6.556228640630104e-11
26	9.080354751683439e-10
27	9.086148405797144e-10
28	5.635409206754279e-10
29	3.632620698031573e-10
30	2.3612789777313057e-10
31	1.0856240550721227e-09
32	1.0798836339735892e-09
33	6.739666405334663e-10
34	4.4436762853159645e-10
35	2.874229771519981e-10
36	1.2257170852213735e-09
37	1.2173379579314739e-09
38	7.636740598613484e-10
39	5.147330773952883e-10
40	3.354323349133665e-10
41	1.266431932119878e-09
42	1.257698397884376e-09
43	7.900272820585661e-10
44	5.360301973674485e-10
45	3.506144331781466e-10
46	1.7670567605659666e-09
47	1.7137407696369933e-09
48	1.0876411882605388e-09
49	7.066980459791277e-10
50	4.05024736752925e-10
51	2.3365231769063406e-09
52	2.2459937120794595e-09
53	1.4369550493521427e-09
54	9.323135134994095e-10
55	5.095266413379293e-10
56	2.506850628891958e-09
57	2.4073356070294742e-09
58	1.5459635775518005e-09
59	1.0064728046899513e-09
60	5.453240091940674e-10
61	3.634628919950639e-09
62	3.429072816883505e-09
63	2.183404183947405e-09
64	1.3497017860805394e-09
65	6.568496248999402e-10
66	4.127269017068476e-09
67	3.876921381902654e-09
68	2.465024535859971e-09
69	1.5023874564758389e-09
70	7.058515087137694e-10
71	4.990051244128963e-09
72	4.637854487972552e-09
73	2.90797683453746e-09
74	1.6985307824632643e-09
75	7.472834016412306e-10
