#	x_axis	Th_all
1	4.222504398358957e-09
2	4.191023350596347e-09
3	2.8520561353686736e-09
4	1.929794018489015e-09
5	1.0124417871908057e-09
6	2.055796723700777e-10
7	1.9283463450000785e-10
8	1.317364037199951e-10
9	-1.2639903846063251e-11
10	-1.0834990947251392e-10
11	-1.5847039705765737e-09
12	-1.544994680708433e-09
13	-1.068210792173782e-09
14	-7.702270742756476e-10
15	-4.368533813700208e-10
16	-2.926065585520744e-09
17	-2.8395343447324706e-09
18	-1.9502007906148716e-09
19	-1.3176448276493074e-09
20	-6.786601664072508e-10
21	-3.240359527402249e-09
22	-3.138780213218624e-09
23	-2.148826609488312e-09
24	-1.435285911807827e-09
25	-7.289963220238198e-10
26	3.3808157643061873e-09
27	3.294323189587209e-09
28	2.1546264387350807e-09
29	1.1924831616187728e-09
30	4.512248106499973e-10
31	9.788796725861713e-10
32	9.874313514683126e-10
33	5.94928502327583e-10
34	3.216230226764992e-10
35	1.9038477837200706e-10
36	-9.58703467804597e-10
37	-8.164979830899318e-10
38	-5.614524639799799e-10
39	-2.1433296701543492e-10
40	9.65179087402161e-11
41	-1.42290337590063e-09
42	-1.2415984744239548e-09
43	-8.274287233706923e-10
44	-3.2750613358577627e-10
45	8.207413168299359e-11
46	2.772639357432647e-09
47	2.647141509085731e-09
48	1.5761132458172089e-09
49	7.513749104710569e-10
50	2.9554427034085253e-10
51	1.914041087730709e-09
52	1.904682373394057e-09
53	1.2051436879420854e-09
54	7.398758243947897e-10
55	4.2899664032661913e-10
56	9.509097127969356e-10
57	1.0687102790503974e-09
58	7.94995300044143e-10
59	6.822874651602136e-10
60	4.933034893735111e-10
61	5.284508438931452e-09
62	4.987451457178652e-09
63	2.97996556720882e-09
64	1.4826783850160238e-09
65	6.113921764541225e-10
66	4.424580228670242e-09
67	4.290416236374811e-09
68	2.7293443316506402e-09
69	1.5656000654717147e-09
70	7.231027322177144e-10
71	5.54914488662198e-09
72	5.292408649494916e-09
73	3.2628937769271245e-09
74	1.7531191280177701e-09
75	7.586096172529485e-10
