#	x_axis	Th_all
1	1.0843161535715474e-11
2	1.5683861142818132e-11
3	1.5020301143885017e-11
4	1.0869694795035957e-11
5	6.1930214799253995e-12
6	1.7044695305765507e-11
7	2.471408430406598e-11
8	2.3465736070368637e-11
9	1.664384002714835e-11
10	9.287671363354412e-12
11	2.2110862805760297e-11
12	3.2014785593960306e-11
13	3.0080356736519614e-11
14	2.0963195118109912e-11
15	1.1503008506216504e-11
16	2.7493366535071587e-11
17	3.969804026654237e-11
18	3.6907605577354444e-11
19	2.531267728188718e-11
20	1.3681533702941963e-11
21	2.9931894455005335e-11
22	4.3102385938907444e-11
23	3.980854107485417e-11
24	2.706795015443662e-11
25	1.4522895105863251e-11
26	2.961904260814059e-11
27	4.295859662360579e-11
28	4.023635678855326e-11
29	2.7796726570950936e-11
30	1.51068829067277e-11
31	4.141147905465313e-11
32	5.986992030951236e-11
33	5.528062368304987e-11
34	3.734068292642326e-11
35	1.9861730327813157e-11
36	5.4120820943963074e-11
37	7.79665273975541e-11
38	7.113737645279016e-11
39	4.719942271612606e-11
40	2.4673946133090356e-11
41	5.966921266680488e-11
42	8.576922571871565e-11
43	7.781044547658297e-11
44	5.121950998866806e-11
45	2.657708804808509e-11
46	6.378618795157452e-11
47	9.153311126898954e-11
48	8.259461403289294e-11
49	5.393155940780387e-11
50	2.7751587101105685e-11
51	9.075380340447381e-11
52	1.2922645359834e-10
53	1.142877127095056e-10
54	7.249272862724498e-11
55	3.62065580142865e-11
56	1.0421818975473735e-10
57	1.4771150488471375e-10
58	1.292836279267196e-10
59	8.082865085165145e-11
60	3.976986904636771e-11
61	1.40240324006955e-10
62	1.9720174249797683e-10
63	1.693934933282672e-10
64	1.030265105698414e-10
65	4.9154952564569356e-11
66	1.691652209747102e-10
67	2.3592919215285944e-10
68	1.9921391629245722e-10
69	1.1826765840196682e-10
70	5.49484728849335e-11
71	2.1310823208135263e-10
72	2.9354937971723334e-10
73	2.4180478457053506e-10
74	1.3868690751467423e-10
75	6.214406586397378e-11
