#	x_axis	Th_all
1	2.2483557412267718e-10
2	2.661175334512236e-10
3	2.1278285737804142e-10
4	1.4128723717429004e-10
5	7.333055577259651e-11
6	2.614300081030635e-10
7	3.0829892877726607e-10
8	2.4402882186576807e-10
9	1.5810749995323678e-10
10	7.996096019494937e-11
11	3.153513075868663e-10
12	3.7120073053958544e-10
13	2.928872186739036e-10
14	1.8751360515901742e-10
15	9.297000775393583e-11
16	3.745876736366989e-10
17	4.3986727469367404e-10
18	3.452250479482796e-10
19	2.1777870788302826e-10
20	1.057991280276389e-10
21	4.0180905575828387e-10
22	4.710505780250653e-10
23	3.6830798733788374e-10
24	2.3047235636245335e-10
25	1.1092215433309003e-10
26	3.4858336874659805e-10
27	4.0775929854620105e-10
28	3.155183250492391e-10
29	1.9356680426825547e-10
30	9.222748894960123e-11
31	4.321915124606675e-10
32	5.038673841191159e-10
33	3.870048109636114e-10
34	2.329421046817192e-10
35	1.0805549494588679e-10
36	5.392997763738209e-10
37	6.263311194152289e-10
38	4.763480954507012e-10
39	2.796082541053579e-10
40	1.2549682711094926e-10
41	5.935070880087942e-10
42	6.875964759857239e-10
43	5.196578511330779e-10
44	3.008279938183166e-10
45	1.328129301029213e-10
46	5.672937598327349e-10
47	6.557307505983135e-10
48	4.934655163706729e-10
49	2.8562802650503974e-10
50	1.26975945620745e-10
51	7.32649163260517e-10
52	8.412035193326558e-10
53	6.222601155300064e-10
54	3.472542458497628e-10
55	1.4794479229733248e-10
56	8.273860318164446e-10
57	9.45620296734648e-10
58	6.912237689177858e-10
59	3.7681463211179935e-10
60	1.565213353498676e-10
61	9.939454014448563e-10
62	1.1282010367369038e-09
63	8.109264305148168e-10
64	4.287972514490135e-10
65	1.7289328961458645e-10
66	1.1487868716481742e-09
67	1.2953011725055126e-09
68	9.152560728638649e-10
69	4.687253070749842e-10
70	1.8296277894910044e-10
71	1.3585893956371372e-09
72	1.5172629676935752e-09
73	1.0467504778583202e-09
74	5.138817819210545e-10
75	1.9295558798107135e-10
