#	x_axis	Th_all
1	9.128855649848346e-11
2	1.3426203126735894e-10
3	1.3090540628553395e-10
4	9.519766499461372e-11
5	5.366449194529806e-11
6	-1.2434565977943167e-12
7	-1.8175907094953265e-12
8	-3.89144307308374e-12
9	-5.3801690917637376e-12
10	-4.1935222548851516e-12
11	-5.174712833450869e-11
12	-7.634337808548399e-11
13	-7.546633476150134e-11
14	-5.521874614614302e-11
15	-3.115757477640253e-11
16	-9.07068540390033e-11
17	-1.3354952571561e-10
18	-1.3001717536808913e-10
19	-9.297099757770619e-11
20	-5.14601572290795e-11
21	-1.0077570399237939e-10
22	-1.4823693744253393e-10
23	-1.438029327448383e-10
24	-1.0230856552359406e-10
25	-5.6367218977380907e-11
26	8.465123123816534e-11
27	1.2326524303885154e-10
28	1.1430242017934904e-10
29	7.738933027499398e-11
30	4.10985085816653e-11
31	1.440851084397713e-11
32	1.9409464263921052e-11
33	1.816699771511187e-11
34	1.4198041802773135e-11
35	8.807069487682054e-12
36	-5.0408565575453405e-11
37	-7.479769484980333e-11
38	-6.609071710102841e-11
39	-3.811671221870305e-11
40	-1.625459015952975e-11
41	-6.918982750662519e-11
42	-1.0189025102793751e-10
43	-8.997148784331394e-11
44	-5.2584518362506577e-11
45	-2.2925930522507127e-11
46	8.425216384234566e-11
47	1.200110258004003e-10
48	1.0775461022953474e-10
49	7.038377468967346e-11
50	3.531626732787198e-11
51	6.467336675897156e-11
52	9.372773590672666e-11
53	9.032105261208403e-11
54	6.578871911685273e-11
55	3.739875346704426e-11
56	3.034032566569221e-11
57	4.691719895172693e-11
58	5.487135639170338e-11
59	4.986392348540546e-11
60	3.4217599554914905e-11
61	2.1528085385057457e-10
62	3.09065761391971e-10
63	2.782118342113615e-10
64	1.8072072317612155e-10
65	9.150175643309102e-11
66	2.0220335813400685e-10
67	2.949943171941743e-10
68	2.7500602138134454e-10
69	1.8742446713217582e-10
70	1.0025089466204308e-10
71	2.838790873711917e-10
72	4.093655151889226e-10
73	3.69760153312648e-10
74	2.404460749164319e-10
75	1.2179026951985881e-10
