#	x_axis	Th_all
1	3.9572681187497344e-10
2	4.3454802361677297e-10
3	2.928988158261072e-10
4	1.992004511484833e-10
5	1.4405798504056958e-10
6	4.5640377132772263e-10
7	5.028522100127097e-10
8	3.4840432206284583e-10
9	2.423071138535714e-10
10	1.7032412477067734e-10
11	5.561444745730399e-10
12	6.11799705115088e-10
13	4.289554834964618e-10
14	3.030896084865175e-10
15	2.1126755364308147e-10
16	6.67466199447662e-10
17	7.346492645110492e-10
18	5.224999271157404e-10
19	3.7389722342626584e-10
20	2.573101521708401e-10
21	7.204924865035732e-10
22	7.939467358454475e-10
23	5.686988108808198e-10
24	4.0832711420175277e-10
25	2.787119639029362e-10
26	6.113297345600013e-10
27	6.787388819072399e-10
28	4.949755967772805e-10
29	3.56635663017439e-10
30	2.38305685636725e-10
31	7.748944655158576e-10
32	8.611227942439484e-10
33	6.377989611488376e-10
34	4.6471739531679575e-10
35	3.055478389220041e-10
36	9.858468272581293e-10
37	1.0986490955205174e-09
38	8.292511363118908e-10
39	6.107551627457443e-10
40	3.93916608470661e-10
41	1.0934778433667402e-09
42	1.2211236442881704e-09
43	9.295469533414532e-10
44	6.861412150560114e-10
45	4.376759652558058e-10
46	1.0517897187992158e-09
47	1.1755014219409432e-09
48	8.90490234076767e-10
49	6.494907928494697e-10
50	4.104811651447646e-10
51	1.4084908983213354e-09
52	1.5834922764741715e-09
53	1.2247189250659744e-09
54	8.95242051195786e-10
55	5.480682833840847e-10
56	1.619542110869394e-09
57	1.8281981555952773e-09
58	1.4279484828498883e-09
59	1.0404206787003635e-09
60	6.240431892744969e-10
61	2.008836056331667e-09
62	2.279312188042218e-09
63	1.8006397144043805e-09
64	1.3064510399848531e-09
65	7.670855266305347e-10
66	2.395708393507501e-09
67	2.7339048223588947e-09
68	2.1802754767471366e-09
69	1.5689868616023333e-09
70	8.988659313428699e-10
71	2.9568099629205966e-09
72	3.3999207160446116e-09
73	2.73692560682988e-09
74	1.945461930483207e-09
75	1.0858291336739616e-09
