#	x_axis	Th_all
1	3.295231380801115e-10
2	3.5810980769264363e-10
3	2.393999039458379e-10
4	1.607418433432542e-10
5	1.1405447930404002e-10
6	4.116577862198371e-10
7	4.470960021327015e-10
8	3.0596506223257634e-10
9	2.1057534742246336e-10
10	1.4590796848713357e-10
11	5.073717124228429e-10
12	5.499975491415383e-10
13	3.818983510495088e-10
14	2.675814451441528e-10
15	1.8315962278463266e-10
16	6.1102782402734e-10
17	6.623355077954588e-10
18	4.665075473679514e-10
19	3.3066757533178774e-10
20	2.2287065724593733e-10
21	6.58712595079358e-10
22	7.145577337632731e-10
23	5.0647517638724e-10
24	3.597358327388384e-10
25	2.40243985771159e-10
26	5.765451071396456e-10
27	6.277461871173753e-10
28	4.4751159700815605e-10
29	3.1779660596248286e-10
30	2.10745861900421e-10
31	7.48065564353044e-10
32	8.149358564153281e-10
33	5.923316121224565e-10
34	4.2663128866733693e-10
35	2.77135442703099e-10
36	9.535307612737642e-10
37	1.0410041522620154e-09
38	7.708464654249154e-10
39	5.602393366739668e-10
40	3.558446446785126e-10
41	1.052165347957629e-09
42	1.1504564506275353e-09
43	8.583274699439315e-10
44	6.245365873987539e-10
45	3.9217048538402846e-10
46	1.0365704093694667e-09
47	1.1342284441018547e-09
48	8.450239784386812e-10
49	6.113273905977947e-10
50	3.8188488170575267e-10
51	1.401536301673179e-09
52	1.5414114514739666e-09
53	1.1721087148841105e-09
54	8.477958001358175e-10
55	5.10913020157627e-10
56	1.6046227967917337e-09
57	1.7705457337386383e-09
58	1.3578248057180904e-09
59	9.77523837166159e-10
60	5.769956069267781e-10
61	2.0212583480312225e-09
62	2.239863712965375e-09
63	1.7371282200417136e-09
64	1.2428179218501287e-09
65	7.133964414938334e-10
66	2.408211524336298e-09
67	2.6809024044442512e-09
68	2.0946699736168706e-09
69	1.4814827670223378e-09
70	8.262993105670322e-10
71	2.971656551228931e-09
72	3.326847917905989e-09
73	2.614864527698877e-09
74	1.8163342348603494e-09
75	9.782196534969764e-10
